mcotac-gem/iter_array.grd
DSAA
80 51
 1 80
 1 51
  0 200
  0   0   0   0   0   0   0   0   0   0   0   0   0   0   0   0   0   0   0   0   0   0   0   0   0   0   0   0   0   0   0   0   0   0   0   0   0   0   0   0   0   0   0   0   0   0   0   0   0   0   0   0   0   0   0   0   0   0   0   0   0   0   0   0   0   0   0   0   0   0   0   0   0   0   0   0   0   0   0   0
 24  24  24  24  24  24  24  24  24  24  24  24  24  24  24  24  24  24  24  24  24  24  24  24  24  24  24  24  24  24  24  24  24  24  24  24  24  24  24  24  24  24  24  24  24  24  24  24  24  24  24  24  24  24  24  24  24  24  24  24  24  24  24  24  24  24  24  24  24  24  24  24  24  24  24  24  24  24  24   0
 24  24  24  24  24  24  24  24  24  24  24  24  24  24  24  24  24  24  24  24  24  24  24  24  24  24  24  24  24  24  24  24  24  24  24  24  24  24  24  24  24  24  24  24  24  24  24  24  24  24  24  24  24  36  40  38  36  36  36  34  34  36  34  37  39  40  38  32  32  28  29  29  29  29  31  31  31  31  30   0
 24  24  24  24  24  24  24  24  24  24  24  24  24  24  24  24  24  24  24  24  24  24  24  24  24  24  24  24  24  24  24  24  24  24  24  24  24  24  24  24  24  24  24  24  24  24  24  24  24  24  24  36  36  40  36  36  34  34  34  36  35  35  38  39  36  32  31  29  30  29  29  30  31  32  31  30  31  32  30   0
 24  24  24  24  24  24  24  24  24  24  24  24  24  24  24  24  24  24  24  24  24  24  24  24  24  24  24  24  24  24  24  24  24  24  24  24  24  24  24  24  24  24  24  24  24  24  24  24  24  39  36  40  36  36  34  36  34  34  34  36  39  41  36  34  30  30  30  29  29  31  31  32  31  30  31  30  30  28  28   0
 24  24  24  24  24  24  24  24  24  24  24  24  24  24  24  24  24  24  24  24  24  24  24  24  24  24  24  24  24  24  24  24  24  24  24  24  24  24  24  24  24  24  24  24  24  24  24  24  36  36  39  38  36  36  34  34  32  37  40  37  39  32  32  30  30  29  29  30  31  32  31  30  31  31  30  28  28  29  29   0
 24  24  24  24  24  24  24  24  24  24  24  24  24  24  24  24  24  24  24  24  24  24  24  24  24  24  24  24  24  24  24  24  24  24  24  24  24  24  24  24  24  24  24  24  24  24  24  36  40  38  36  36  34  34  34  36  37  41  41  38  32  30  37  30  29  29  31  31  30  30  30  32  30  28  28  29  29  29  28   0
 24  24  24  24  24  24  24  24  24  24  24  24  24  24  24  24  24  24  24  24  24  24  24  24  24  24  24  24  24  24  24  24  24  24  24  24  24  24  24  24  24  24  24  24  24  38  36  40  39  36  34  34  36  35  39  39  41  38  34  30  33  30  29  29  31  31  31  31  31  30  30  28  28  29  29  29  28  29  29   0
 24  24  24  24  24  24  24  24  24  24  24  24  24  24  24  24  24  24  24  24  24  24  24  24  24  24  24  24  24  24  24  24  24  24  24  24  24  24  24  24  24  24  24  38  36  42  37  36  36  34  34  36  42  40  42  39  34  30  28  29  29  29  31  31  31  30  31  30  30  28  28  29  29  29  28  29  28  28  28   0
 24  24  24  24  24  24  24  24  24  24  24  24  24  24  24  24  24  24  24  24  24  24  24  24  24  24  24  24  24  24  24  24  24  24  24  24  24  24  24  24  24  24  37  36  40  38  34  34  34  34  42  39  36  34  32  32  30  30  29  29  30  31  32  30  30  32  30  28  28  29  29  28  28  29  28  28  28  24  24   0
 24  24  24  24  24  24  24  24  24  24  24  24  24  24  24  24  24  24  24  24  24  24  24  24  24  24  24  24  24  24  24  24  24  24  24  24  24  24  24  24  37  38  40  38  36  36  34  34  36  37  38  38  34  30  28  30  29  30  29  31  31  30  31  30  30  28  28  29  30  28  28  29  28  28  28  24  23  23  23   0
 24  24  24  24  24  24  24  24  24  24  24  24  24  24  24  24  24  24  24  24  24  24  24  24  24  24  24  24  24  24  24  24  24  24  24  24  24  24  24  39  36  40  38  34  34  34  36  42  41  41  36  32  28  30  29  29  31  31  32  31  31  32  30  28  28  29  30  28  28  29  28  28  24  24  23  23  23  23  23   0
 24  24  24  24  24  24  24  24  24  24  24  24  24  24  24  24  24  24  24  24  24  24  24  24  24  24  24  24  24  24  24  24  24  24  24  24  24  24  36  40  36  36  36  34  36  35  37  41  38  32  30  30  29  30  30  31  32  31  32  30  30  28  28  29  30  28  29  29  28  28  24  24  23  23  23  23  23  23  31   0
 24  24  24  24  24  24  24  24  24  24  24  24  24  24  24  24  24  24  24  24  24  24  24  24  24  24  24  24  24  24  24  24  24  24  24  24  38  36  38  38  34  34  34  37  37  41  36  34  30  33  29  29  30  31  31  30  30  32  30  28  28  29  30  28  29  29  28  28  24  24  23  23  23  23  23  32  37  37  34   0
 24  24  24  24  24  24  24  24  24  24  24  24  24  24  24  24  24  24  24  24  24  24  24  24  24  24  24  24  24  24  24  24  24  24  24  38  38  36  36  36  34  32  38  40  39  36  32  30  30  29  30  31  32  30  32  32  30  28  28  29  30  28  29  28  28  28  24  23  23  23  23  23  23  31  38  35  34  31  29   0
 24  24  24  24  24  24  24  24  24  24  24  24  24  24  24  24  24  24  24  24  24  24  24  24  24  24  24  24  24  24  24  24  24  24  38  40  36  34  34  34  36  38  40  36  32  30  30  29  29  31  32  31  31  30  30  28  28  29  29  28  29  28  28  28  24  23  23  23  23  23  23  38  38  35  28  29  39  33  32   0
 24  24  24  24  24  24  24  24  24  24  24  24  24  24  24  24  24  24  24  24  24  24  24  24  24  24  24  24  24  24  24  24  39  36  39  36  36  34  32  37  41  36  32  30  30  29  29  31  32  31  32  30  30  28  29  29  29  28  29  28  28  28  24  23  23  23  23  23  32  37  37  37  31  33  34  31  43  32  34   0
 24  24  24  24  24  24  24  24  24  24  24  24  24  24  24  24  24  24  24  24  24  24  24  24  24  24  24  24  24  24  24  36  40  38  36  34  34  34  40  39  38  30  31  29  30  30  31  31  30  32  30  28  28  29  28  28  29  28  28  28  24  23  23  23  23  23  32  37  37  35  28  33  36  33  38  34  34  38  39   0
 24  24  24  24  24  24  24  24  24  24  24  24  24  24  24  24  24  24  24  24  24  24  24  24  24  24  24  24  24  24  38  39  36  36  34  34  35  40  34  32  30  29  29  31  31  31  30  32  30  28  28  29  28  28  29  28  28  24  24  23  23  23  23  23  37  38  36  28  35  37  32  37  32  35  36  33  41  39  39   0
 24  24  24  24  24  24  24  24  24  24  24  24  24  24  24  24  24  24  24  24  24  24  24  24  24  24  24  24  39  36  34  36  34  34  34  40  40  32  30  30  29  29  31  32  30  32  30  28  28  29  28  28  29  28  28  24  24  23  23  23  23  23  38  37  35  33  36  37  33  33  33  35  40  34  41  42  43  38  42   0
 24  24  24  24  24  24  24  24  24  24  24  24  24  24  24  24  24  24  24  24  24  24  24  24  24  24  24  38  38  36  34  34  32  37  42  38  32  31  29  29  31  32  30  34  30  28  28  29  29  28  29  28  28  24  23  23  23  23  23  32  38  35  34  28  34  39  33  39  34  35  40  37  42  50  49  35  45  45  40   0
 24  24  24  24  24  24  24  24  24  24  24  24  24  24  24  24  24  24  24  24  24  24  24  24  24  24  36  38  36  35  34  34  39  35  32  30  29  29  30  32  31  31  30  28  28  29  28  28  29  28  28  24  23  23  23  23  23  32  38  33  36  35  38  34  37  35  34  36  37  39  44  44  48  43  49  45  41  40  48   0
 24  24  24  24  24  24  24  24  24  24  24  24  24  24  24  24  24  24  24  24  24  24  24  24  36  41  38  36  34  36  38  41  38  30  30  29  30  31  31  31  32  29  28  29  28  28  29  28  24  24  23  23  23  23  32  37  39  38  29  33  37  39  37  36  36  37  37  42  45  50  45  45  55  46  30  48  51  55  45   0
 24  24  24  24  24  24  24  24  24  24  24  24  24  24  24  24  24  24  24  24  24  24  24  37  39  36  34  34  35  41  39  32  30  29  29  31  31  30  32  30  28  29  29  28  29  28  28  24  23  23  23  23  31  37  35  39  30  39  35  39  34  36  38  38  37  48  44  42  46  51  54  45  42  54  51  53  22  23  23   0
 24  24  24  24  24  24  24  24  24  24  24  24  24  24  24  24  24  24  24  24  24  24  36  36  34  34  36  35  40  37  30  30  29  31  32  30  32  30  28  29  29  28  28  28  24  23  23  23  23  23  37  37  35  34  29  35  34  36  34  34  36  37  49  47  47  42  45  58  51  38  40  38  44  22  23  24  24  24  23   0
 24  24  24  24  24  24  24  24  24  24  24  24  24  24  24  24  24  24  24  24  24  38  36  36  34  38  41  36  31  28  29  31  32  30  33  30  28  29  29  28  29  28  24  23  23  23  23  23  37  35  36  29  31  34  35  39  35  39  39  43  43  42  48  48  36  43  50  38  52  46  22  23  24  24  24  22  22  22  22   0
 24  24  24  24  24  24  24  24  24  24  24  24  24  24  24  24  24  24  24  24  40  36  34  34  40  38  32  30  31  30  31  31  31  30  28  28  30  28  29  28  24  23  23  23  23  23  38  34  36  34  35  33  35  36  39  41  40  49  47  51  49  45  43  45  51  43  43  22  23  24  24  23  22  22  22  31  31  30  30   0
 24  24  24  24  24  24  24  24  24  24  24  24  24  24  24  24  24  24  24  38  36  34  34  41  36  30  30  29  30  32  30  30  28  28  30  28  29  28  24  23  23  23  23  33  37  37  31  35  38  42  35  35  41  43  46  44  47  51  45  40  47  46  51  55  22  23  24  24  24  22  22  22  31  30  30  30  29  23  25   0
 24  24  24  24  24  24  24  24  24  24  24  24  24  24  24  24  24  38  34  34  34  35  39  32  28  29  31  31  31  32  31  28  29  28  29  28  24  23  23  23  23  37  37  35  35  31  33  32  34  42  39  41  44  52  51  41  56  50  47  56  49  22  23  24  24  23  22  22  22  31  30  31  30  26  25  24  23  23  23   0
 24  24  24  24  24  24  24  24  24  24  24  24  24  24  24  24  38  38  34  32  42  34  30  30  29  32  30  31  30  28  30  28  29  28  24  23  23  23  23  37  37  35  33  33  33  32  39  38  38  44  48  48  49  33  42  54  51  43  22  23  24  24  24  22  22  22  31  30  31  30  23  24  24  23  23  23  23  23  23   0
 24  24  24  24  24  24  24  24  24  24  24  24  24  24  24  36  38  34  34  38  34  28  29  31  31  32  31  28  29  28  29  28  24  23  23  23  23  38  35  34  30  36  34  40  39  39  41  47  47  45  55  39  49  51  22  22  23  24  24  22  22  22  31  30  30  30  29  28  24  24  23  23  23  23  23  24  24  24  24   0
 24  24  24  24  24  24  24  24  24  24  24  24  24  24  36  36  34  36  36  32  31  29  32  29  30  28  29  28  29  28  24  23  23  23  23  38  37  28  31  34  35  35  34  41  41  40  47  40  39  47  47  23  23  24  24  24  22  22  22  31  30  31  30  26  25  24  23  23  23  23  23  23  24  24  24  24  24  24  25   0
 24  24  24  24  24  24  24  24  24  24  24  24  24  36  38  34  39  38  30  29  31  31  32  28  29  28  29  28  28  23  23  23  23  38  35  36  36  42  35  36  41  46  49  51  56  52  38  53  23  23  24  24  23  22  22  31  31  30  30  30  23  24  24  23  23  23  23  23  24  24  24  24  24  24  25  25  25  25  25   0
 24  24  24  24  24  24  24  24  24  24  24  24  38  34  34  41  32  32  29  31  31  31  28  28  29  28  24  23  23  23  34  38  34  32  36  46  36  37  38  43  49  46  52  45  47  23  23  24  24  24  22  22  31  30  31  31  25  25  24  24  23  23  23  23  23  24  24  24  24  24  24  25  25  25  25  25  25  25  25   0
 24  24  24  24  24  24  24  24  24  24  24  24  34  34  41  30  31  31  30  30  28  29  29  28  24  23  23  23  29  38  34  33  31  36  34  37  44  49  55  45  40  51  23  23  24  24  22  22  31  31  30  31  29  30  25  25  23  23  23  23  23  24  24  24  24  24  24  25  25  25  25  25  25  25  25  25  25  25  25   0
 24  24  24  24  24  24  24  24  24  24  24  36  38  40  28  29  31  36  28  29  28  28  24  23  23  23  38  37  30  42  31  36  39  39  42  42  42  51  52  23  23  24  24  22  22  31  30  30  31  26  25  24  23  23  23  23  23  23  24  24  24  24  24  24  25  25  25  25  25  25  25  25  25  25  25  25  24  24  24   0
 24  24  24  24  24  24  24  24  24  24  36  42  37  30  31  30  30  28  28  28  28  23  23  23  38  34  36  34  47  35  39  51  51  52  41  53  54  22  24  24  22  22  30  30  30  30  24  24  24  23  23  23  23  23  24  24  24  24  24  24  25  25  25  25  25  25  25  25  25  25  25  25  24  24  24  24  24  24  24   0
 24  24  24  24  24  24  24  24  24  36  39  32  31  32  36  28  29  29  28  23  23  23  39  33  36  33  36  41  40  51  49  37  38  42  22  23  24  22  22  31  30  31  29  25  25  23  23  23  23  23  23  24  24  24  24  24  24  25  25  25  25  25  25  25  25  25  25  25  24  24  24  24  24  24  24  24  24  24  24   0
 24  24  24  24  24  24  24  24  34  41  30  29  31  30  28  28  28  23  23  23  38  34  37  44  38  39  49  40  47  46  49  22  23  24  22  31  31  30  30  26  25  25  23  23  23  23  23  24  24  24  24  24  25  25  25  25  25  25  25  25  25  25  25  25  25  24  24  24  24  24  24  24  24  24  24  24  24  25  25   0
 24  24  24  24  24  24  24  24  37  29  31  31  28  28  28  24  23  23  38  30  34  38  41  46  51  36  50  47  22  23  22  22  31  31  32  30  29  25  24  23  23  23  23  24  24  24  24  24  24  25  25  25  25  25  25  25  25  25  25  25  25  24  24  24  24  24  24  24  24  24  24  25  25  25  25  26  25  27  28   0
 24  24  24  24  24  24  24  42  28  31  30  29  29  24  23  23  39  29  32  44  44  54  30  35  51  22  24  24  32  31  30  32  26  25  24  23  23  23  23  23  24  24  24  24  24  25  25  25  25  25  25  25  25  25  25  25  24  24  24  24  24  24  24  24  25  25  25  25  26  26  27  28  28  27  27  27  27  26  26   0
 24  24  24  24  24  24  40  30  30  28  28  28  23  23  39  29  33  35  42  48  41  46  22  24  33  32  30  30  31  24  25  24  23  23  23  23  24  24  24  24  24  25  25  25  25  25  25  25  25  25  25  25  24  24  24  24  25  25  25  25  25  27  25  27  28  28  27  27  27  27  27  26  27  27  27  28  28  27  27   0
 24  24  24  24  24  25  30  30  28  28  23  23  39  30  36  42  43  49  47  22  24  36  32  30  30  26  25  25  24  23  23  23  23  24  24  24  24  25  25  25  25  25  25  25  25  25  25  25  24  25  25  25  25  26  26  25  28  28  28  27  27  27  27  26  27  27  27  27  28  28  27  27  26  27  27  27  26  26  26   0
 24  24  24  24  24  34  31  28  28  23  37  37  36  44  41  47  22  23  37  32  32  31  25  24  23  23  23  23  23  24  24  24  24  25  25  25  25  25  25  25  25  25  25  25  25  25  27  25  27  28  28  27  27  27  27  27  26  27  27  27  28  28  27  27  27  27  27  27  27  26  26  26  26  26  26  26  25  25  25   0
 24  24  24  25  30  32  28  23  23  31  50  45  42  40  23  39  32  31  25  25  24  23  23  23  23  24  24  24  24  24  25  25  25  25  25  25  25  25  26  26  25  30  28  27  27  27  27  27  26  27  27  27  27  28  27  27  27  27  27  27  27  26  26  26  26  26  26  26  25  25  25  25  25  25  25  25  25  25  25   0
 24  24  24  31  32  28  23  34  40  41  41  22  38  31  30  27  24  23  23  23  23  24  24  24  25  25  25  25  25  25  25  26  26  26  28  27  27  27  27  27  27  26  27  27  27  28  28  27  27  27  27  27  27  26  26  26  26  26  26  26  26  25  25  25  25  25  25  25  25  25  25  25  25  25  25  25  25  25  25   0
 24  24  26  28  24  39  37  37  23  35  31  26  25  24  23  23  23  24  24  24  25  25  25  25  26  26  27  29  28  27  27  27  26  26  26  27  27  27  28  27  27  27  27  27  27  26  26  26  26  26  26  26  26  25  25  25  25  25  25  25  25  25  25  25  25  25  25  25  25  25  25  25  25  25  25  25  25  25  25   0
 24  24  28  38  36  38  22  34  26  26  23  23  23  24  24  25  26  26  27  27  28  27  26  26  26  26  26  26  27  27  28  28  28  27  27  27  27  26  26  26  26  26  26  26  26  25  25  25  25  25  25  25  25  25  25  25  25  25  25  25  25  25  25  25  25  25  25  25  25  25  25  25  26  26  25  25  25  25  25   0
 24  26  43  22  43  26  24  23  23  24  26  26  26  27  26  26  27  26  26  27  27  27  28  27  27  27  27  27  27  26  26  26  26  26  26  26  26  25  25  25  25  25  25  25  25  25  25  25  25  25  25  25  25  25  25  25  25  25  25  25  25  25  26  26  25  25  25  25  25  25  25  25  25  25  24  24  24  24  24   0
 27  36  49  23  23  26  26  27  27  27  27  27  26  27  28  27  28  27  26  26  26  26  26  26  26  25  25  25  25  25  25  25  25  25  25  25  25  25  25  25  25  25  25  25  25  25  25  25  25  26  26  25  25  25  25  25  25  25  25  25  25  24  24  24  24  24  24  24  27  24  24  24  24  24  24  24  24  24  25   0
  0   0   0   0   0   0   0   0   0   0   0   0   0   0   0   0   0   0   0   0   0   0   0   0   0   0   0   0   0   0   0   0   0   0   0   0   0   0   0   0   0   0   0   0   0   0   0   0   0   0   0   0   0   0   0   0   0   0   0   0   0   0   0   0   0   0   0   0   0   0   0   0   0   0   0   0   0   0   0   0
