mcotac-gem/iter_array.grd
DSAA
80 51
 1 80
 1 51
  0 200
  0   0   0   0   0   0   0   0   0   0   0   0   0   0   0   0   0   0   0   0   0   0   0   0   0   0   0   0   0   0   0   0   0   0   0   0   0   0   0   0   0   0   0   0   0   0   0   0   0   0   0   0   0   0   0   0   0   0   0   0   0   0   0   0   0   0   0   0   0   0   0   0   0   0   0   0   0   0   0   0
 24  24  24  24  24  24  24  24  24  24  24  24  33  24  24  24  24  24  24  24  24  24  24  24  24  24  33  33  24  24  24  24  34  24  24  24  24  24  24  24  24  33  24  24  24  24  24  24  24  24  24  24  24  24  24  24  24  24  24  24  24  24  24  24  24  24  24  33  24  34  24  32  33  34  33  33  33  33  34   0
 24  24  24  24  24  24  24  24  24  24  24  24  24  24  34  24  24  24  24  24  34  33  34  34  34  24  33  34  34  24  24  24  24  34  33  34  34  24  33  33  34  34  34  34  34  33  34  34  32  33  33  33  34  34  32  32  30  30  34  34  34  32  32  35  31  29  29  27  27  29  28  27  28  28  28  28  28  29  28   0
 24  24  24  24  24  24  24  24  24  24  24  24  24  24  34  24  24  24  24  34  33  33  33  33  24  32  33  24  24  24  24  24  33  33  32  34  34  24  24  34  34  34  32  33  34  33  34  34  33  32  34  34  32  32  30  30  34  34  34  34  32  34  29  29  29  28  27  27  27  27  28  28  28  28  29  28  29  29  29   0
 24  24  24  24  24  24  24  24  24  24  24  24  24  24  24  24  24  24  32  24  34  33  33  24  24  34  33  24  24  24  34  33  32  34  33  33  34  34  34  33  33  34  34  34  33  33  34  34  32  32  34  32  30  30  34  34  34  34  30  33  29  29  29  29  27  27  27  27  28  28  28  28  30  28  29  29  28  29  28   0
 24  24  24  24  24  24  24  24  24  24  24  24  24  24  24  24  24  24  34  24  24  24  24  24  33  33  34  24  33  33  34  34  33  34  34  34  33  34  34  33  34  33  33  34  33  33  33  34  34  32  31  30  34  34  34  34  32  35  31  29  29  29  27  29  29  27  28  28  28  28  29  28  29  29  28  29  28  29  29   0
 24  24  24  24  24  24  24  24  24  24  24  24  24  24  24  24  24  32  34  34  24  24  24  24  24  24  34  33  33  34  33  33  34  33  34  34  34  33  34  34  34  33  34  33  32  32  34  34  32  30  30  34  34  32  33  32  33  31  29  29  27  29  27  27  28  28  28  28  30  28  30  29  28  29  28  29  29  29  27   0
 24  24  24  24  24  24  24  24  24  24  24  24  24  24  24  24  32  24  33  32  24  24  24  24  24  24  34  34  33  34  34  34  34  33  33  34  33  33  34  34  34  33  33  34  32  34  32  31  30  34  34  34  34  35  34  31  29  29  27  28  26  27  27  28  28  28  29  28  30  29  28  28  28  29  29  29  27  27  27   0
 24  24  24  24  24  24  24  24  24  24  24  24  24  24  24  34  34  24  24  34  24  24  24  24  32  32  34  33  34  34  33  33  33  34  34  32  34  32  34  34  33  34  33  34  34  32  30  30  34  34  34  32  33  31  29  29  28  27  27  27  27  28  28  28  30  28  29  29  28  28  28  29  29  29  27  27  27  27  27   0
 24  24  24  24  24  24  24  24  24  24  24  24  24  24  24  24  24  24  24  24  24  24  24  33  34  34  32  34  34  34  34  33  33  33  33  33  34  34  33  32  33  33  34  32  31  30  34  34  34  34  32  31  29  29  28  27  27  27  27  28  28  28  29  28  30  29  28  29  28  29  29  29  27  27  27  27  27  22  22   0
 24  24  24  24  24  24  24  24  24  24  24  24  24  24  24  24  24  24  24  24  33  33  34  33  33  34  33  32  33  34  34  34  34  33  34  34  34  34  33  32  32  34  32  30  34  34  34  34  32  31  31  29  28  27  27  27  27  28  28  28  28  28  28  29  28  29  28  29  29  29  27  27  27  27  27  22  22  22  22   0
 24  24  24  24  24  24  24  24  24  24  24  24  24  24  24  24  24  24  24  33  34  33  34  34  34  33  34  34  33  32  33  33  34  34  33  34  32  33  34  33  32  31  30  34  34  34  30  35  29  29  29  27  29  27  27  28  28  28  28  28  30  29  28  29  28  29  29  27  27  27  27  27  22  22  22  22  22  22  23   0
 24  24  24  24  24  24  24  24  24  24  24  24  24  24  24  24  24  24  33  34  33  32  33  33  34  34  32  34  33  34  33  32  34  34  32  33  33  32  33  32  30  30  34  34  34  35  31  29  29  28  29  27  27  28  28  28  28  28  28  29  28  28  28  29  29  27  27  27  27  27  22  22  22  22  22  22  23  23  30   0
 24  24  24  24  24  24  24  24  24  24  24  24  24  24  24  24  24  24  33  34  34  34  33  33  34  34  34  34  33  32  33  34  33  32  32  34  34  34  31  30  35  34  34  30  35  31  29  27  27  27  27  28  28  28  28  29  28  29  28  29  28  29  29  27  27  27  27  27  22  22  22  22  22  22  23  31  30  34  32   0
 24  24  24  24  24  24  24  24  24  24  24  24  24  24  24  24  24  33  34  34  33  34  34  33  33  34  34  34  34  34  33  33  34  32  33  33  30  30  30  32  34  33  32  31  29  29  27  27  27  28  28  28  28  28  30  29  28  28  28  29  29  27  27  27  27  27  22  22  22  22  22  22  22  32  30  34  31  30  28   0
 24  24  24  24  24  24  24  24  24  24  24  24  24  24  24  24  24  32  34  33  34  33  34  33  33  34  34  33  34  33  33  33  32  34  34  32  30  34  34  34  31  31  29  29  28  29  27  27  28  28  28  28  29  29  28  28  28  29  29  27  27  27  27  27  22  22  22  22  22  22  22  32  30  36  31  36  34  30  30   0
 24  24  24  24  24  24  24  24  24  24  24  24  24  24  24  24  33  34  34  33  33  34  34  33  34  34  32  32  33  33  33  33  32  32  31  30  32  34  30  33  31  29  27  28  31  27  28  28  28  29  28  29  28  28  29  29  29  27  27  27  27  27  22  22  22  22  22  23  30  31  32  32  31  30  31  31  31  31  31   0
 24  24  24  24  24  24  24  24  24  24  24  24  24  24  24  24  33  33  33  34  34  34  34  34  33  34  34  34  34  32  32  32  32  30  34  34  34  33  33  29  29  27  27  27  28  28  28  29  28  29  28  28  28  29  29  27  27  27  27  27  22  22  22  22  22  22  29  30  36  32  32  28  32  33  33  31  31  29  36   0
 24  24  24  24  24  24  24  24  24  24  24  24  34  34  34  33  34  34  33  33  32  34  32  32  34  33  34  33  32  33  34  32  30  34  35  30  31  29  29  27  29  27  28  28  28  29  28  29  28  28  29  29  29  27  27  27  27  22  22  22  22  22  23  23  32  30  34  36  28  30  32  31  37  31  29  31  36  40  39   0
 24  24  24  24  24  24  24  24  24  24  24  24  34  33  34  33  32  34  32  34  33  34  34  34  33  33  34  33  33  32  30  34  34  34  33  31  29  27  29  27  27  28  28  28  28  29  28  28  28  29  29  27  27  27  27  22  22  22  22  22  23  23  32  34  32  33  39  31  31  36  31  31  29  35  38  45  49  43  50   0
 24  24  24  24  24  24  24  24  24  24  24  34  32  24  33  33  33  24  24  34  32  32  34  34  34  33  34  32  32  30  34  34  30  34  29  29  27  27  27  28  28  28  28  29  29  28  28  29  29  27  27  27  27  22  22  22  22  22  22  30  32  32  32  31  29  31  32  41  31  29  34  36  40  42  46  50  48  46  42   0
 24  24  24  24  24  24  24  24  24  24  24  24  33  33  34  34  24  24  24  34  33  33  32  34  33  34  32  31  30  34  34  33  31  29  28  29  27  28  28  28  28  29  29  28  28  29  29  27  27  27  27  22  22  22  22  22  23  29  30  34  32  29  30  30  35  31  29  29  33  42  40  42  46  50  44  51  48  43  48   0
 24  24  24  24  24  24  24  24  24  24  24  24  24  32  32  24  24  24  24  24  34  32  33  34  32  32  30  34  34  33  31  29  29  28  27  28  28  28  29  30  29  28  28  29  29  27  27  27  22  22  22  22  22  22  30  32  30  36  33  31  29  33  35  31  29  39  37  39  44  46  50  35  44  43  53  40  38  41  44   0
 24  24  24  24  24  24  24  24  24  24  24  24  24  24  24  24  24  24  24  24  34  34  33  32  31  34  34  32  33  29  29  27  26  27  28  28  30  28  29  28  28  29  29  27  27  27  22  22  22  22  22  23  30  31  37  32  34  30  32  33  31  31  29  42  42  40  51  52  35  46  43  48  51  49  49  43  21  22  22   0
 24  24  24  24  24  24  24  24  24  24  24  24  24  24  24  24  24  24  24  24  33  32  34  30  34  34  32  34  29  28  29  27  28  28  28  28  29  28  28  29  29  27  27  27  22  22  22  22  22  23  31  34  32  31  33  33  30  30  31  31  35  42  40  46  51  50  45  49  51  51  42  33  52  21  22  23  23  23  23   0
 24  24  24  24  24  24  24  24  24  24  24  24  24  24  24  24  24  24  24  33  34  32  30  34  34  33  29  29  27  29  28  28  28  28  29  28  28  29  29  27  27  27  22  22  22  22  22  23  32  34  32  28  30  31  30  30  30  32  38  39  40  43  50  46  44  50  52  45  51  47  21  22  23  23  23  22  21  21  21   0
 24  24  24  24  24  24  24  24  24  24  24  24  24  24  24  24  24  24  34  34  32  30  34  30  33  29  27  29  27  28  28  29  29  28  28  29  29  27  27  27  22  22  22  22  23  31  30  32  31  32  34  33  31  31  29  35  43  42  50  34  48  43  41  54  55  35  52  21  22  23  23  23  22  21  21  21  30  29  29   0
 24  24  24  24  24  24  24  24  24  24  24  24  24  24  24  24  24  34  32  31  34  35  34  29  29  29  27  28  28  29  28  29  28  29  29  27  27  27  22  22  22  22  23  29  30  35  30  38  37  36  31  29  38  44  42  41  50  48  45  52  42  37  45  50  21  22  23  23  23  22  21  21  21  29  29  28  28  22  24   0
 24  24  24  24  24  24  24  24  24  24  24  24  24  24  24  24  33  33  30  34  34  33  29  27  27  28  28  28  28  29  28  28  29  27  27  27  22  22  22  22  22  32  34  32  35  34  31  31  31  31  37  44  46  50  44  46  44  41  46  37  52  21  22  23  23  23  22  21  21  21  29  29  28  28  25  23  22  22  22   0
 24  24  24  24  24  24  24  24  24  24  24  24  24  24  24  32  32  30  34  32  29  29  29  27  28  28  28  29  28  28  29  27  27  27  22  22  22  22  23  32  34  38  38  30  33  31  29  36  34  42  46  43  52  46  45  44  38  34  21  22  23  23  23  22  21  21  31  29  29  28  25  24  23  22  22  22  22  22  22   0
 24  24  24  24  24  24  24  24  24  24  24  24  24  24  33  34  30  34  32  29  28  27  28  28  29  29  28  28  29  27  27  27  22  22  22  22  23  32  34  31  31  32  31  31  29  38  40  42  50  44  39  50  42  39  22  21  22  23  23  23  21  21  21  30  29  28  28  22  23  23  22  22  22  22  22  23  23  23  23   0
 24  24  24  24  24  24  24  24  24  24  24  24  24  32  34  30  34  33  29  28  27  28  28  30  28  28  29  27  27  27  22  22  22  22  23  30  32  34  35  33  30  30  36  43  42  48  46  44  44  55  31  22  22  23  23  23  22  21  21  21  29  29  28  25  24  23  22  22  22  22  22  23  23  23  23  23  23  24  24   0
 24  24  24  24  24  24  24  24  24  24  24  24  34  32  34  34  31  29  27  28  28  28  29  28  29  27  27  27  22  22  22  22  22  31  36  28  32  34  31  29  38  47  46  48  50  42  44  50  22  22  23  23  22  22  21  21  29  29  28  29  24  23  23  22  22  22  22  22  23  23  23  23  23  23  24  24  24  24  24   0
 24  24  24  24  24  24  24  24  24  24  24  24  32  34  34  29  27  27  28  30  29  28  29  27  27  27  22  22  22  22  32  32  32  28  32  36  29  33  35  44  42  44  47  48  36  22  22  23  23  23  21  21  21  32  29  29  28  22  24  23  22  22  22  22  22  23  23  23  23  23  24  24  24  24  24  24  24  24  24   0
 24  24  24  24  24  24  24  24  24  24  24  32  34  30  29  29  28  28  28  28  28  29  27  27  22  22  22  22  29  34  38  32  32  31  36  30  44  48  43  47  40  33  22  22  23  23  22  21  21  29  29  29  28  22  24  23  22  22  22  22  22  23  23  23  23  23  24  24  24  24  24  24  24  24  24  24  24  24  24   0
 24  24  24  24  24  24  24  24  24  24  34  34  33  29  27  28  29  29  28  29  27  27  22  22  22  22  30  37  34  30  33  31  37  41  44  46  47  44  35  45  21  23  23  23  21  21  31  29  28  27  26  23  22  22  22  22  22  22  23  23  23  23  23  24  24  24  24  24  24  24  24  24  24  24  24  23  23  23  23   0
 24  24  24  24  24  24  24  24  24  34  34  33  27  27  28  29  28  29  27  27  22  22  22  22  30  35  40  31  34  33  45  48  44  48  48  32  22  22  23  23  22  21  29  29  29  29  24  23  23  22  22  22  22  22  23  23  23  23  23  23  24  24  24  24  24  24  24  24  24  24  24  24  23  23  23  23  23  23  23   0
 24  24  24  24  24  24  24  24  24  34  33  27  28  29  29  28  27  27  27  22  22  22  30  38  31  34  33  36  34  43  42  47  34  47  21  23  23  22  21  29  29  28  28  25  23  22  22  22  22  22  23  23  23  23  23  23  24  24  24  24  24  24  24  24  24  24  24  24  23  23  23  23  23  23  23  23  23  23  23   0
 24  24  24  24  24  24  24  24  34  31  29  28  28  28  29  27  27  22  22  22  32  35  29  30  34  44  44  48  45  46  47  21  23  23  21  21  30  29  29  24  23  23  22  22  22  22  22  23  23  23  23  23  24  24  24  24  24  24  24  24  24  24  24  24  23  23  23  23  23  23  23  23  23  23  23  23  23  23  23   0
 24  24  24  24  24  24  24  34  29  27  28  29  28  27  27  22  22  23  32  35  37  38  33  40  42  46  44  48  21  23  22  21  30  29  29  29  24  23  22  22  22  22  22  23  23  23  23  23  24  24  24  24  24  24  24  24  24  24  24  24  23  23  23  23  23  23  23  23  23  23  23  23  23  23  23  23  23  23  23   0
 24  24  24  24  24  24  24  31  27  28  28  29  27  22  22  23  33  31  33  35  44  44  42  34  22  22  23  23  21  29  30  28  25  24  23  22  22  22  22  22  23  23  23  23  24  24  24  24  24  24  24  24  24  24  24  24  23  23  23  23  23  23  23  23  23  23  23  23  23  23  23  23  23  23  23  24  24  24  24   0
 24  24  24  24  24  24  34  27  28  28  27  27  22  22  32  31  36  32  46  46  37  43  21  25  22  31  32  31  29  28  24  23  22  22  22  22  23  23  23  23  23  24  24  24  24  24  24  24  24  24  24  23  23  23  23  23  23  23  23  23  23  23  23  23  23  23  23  24  24  24  24  26  24  26  27  27  26  26  26   0
 24  24  24  24  24  25  27  28  29  27  22  22  30  31  38  41  42  45  37  21  23  30  29  29  28  23  24  23  22  22  22  22  23  23  23  23  23  24  24  24  24  24  24  24  24  24  24  23  23  23  23  23  23  23  23  23  23  23  23  24  24  24  24  26  25  27  27  27  26  26  26  26  26  25  26  26  26  26  27   0
 24  24  24  24  24  27  29  27  22  22  32  30  38  39  44  42  21  23  30  30  29  26  24  23  22  22  22  22  22  23  23  23  23  24  24  24  24  24  24  24  24  24  24  23  23  23  23  23  23  23  24  24  24  24  25  24  25  27  27  26  26  26  26  26  25  25  26  26  26  27  27  26  25  25  25  25  25  25  25   0
 24  24  24  25  27  29  27  22  31  31  34  40  41  46  22  31  31  29  25  24  22  22  22  22  22  23  23  23  23  24  24  24  24  24  24  24  24  24  23  23  23  23  24  24  24  24  25  24  28  27  27  26  26  26  26  26  25  26  26  26  26  26  26  25  25  25  25  25  25  25  25  25  25  25  25  24  24  24  24   0
 24  24  24  28  29  27  22  33  38  42  45  21  29  29  28  24  23  22  22  22  22  23  23  23  23  24  24  24  24  24  24  24  24  24  24  24  24  24  25  25  27  27  26  26  26  26  25  26  25  26  26  26  27  26  25  26  25  25  26  25  25  25  25  25  25  25  24  24  24  24  24  24  24  24  24  24  24  24  24   0
 24  24  25  27  22  35  34  34  21  29  30  23  24  22  22  22  22  23  23  23  23  24  24  24  24  24  24  24  24  25  25  25  27  26  26  26  26  25  25  25  26  26  26  27  26  25  25  25  26  26  25  25  25  25  25  25  26  25  24  24  24  24  24  24  24  24  24  24  24  24  24  24  24  24  24  24  24  24  24   0
 24  24  27  37  34  42  22  30  25  24  22  22  22  23  23  23  24  24  24  24  24  25  25  27  26  26  26  26  25  25  25  25  26  26  26  26  26  26  26  26  26  25  25  25  25  25  25  24  24  24  24  24  24  24  24  24  24  24  24  24  24  24  24  24  24  24  24  24  24  25  24  24  24  24  24  24  24  24  24   0
 24  26  35  21  34  25  22  22  22  23  23  24  24  25  25  27  26  25  25  25  25  25  25  26  26  27  26  26  26  26  26  26  26  25  25  25  25  25  24  24  24  24  24  24  24  24  24  24  24  24  24  24  24  24  24  24  25  24  24  24  24  24  24  24  24  24  24  24  24  25  24  24  24  24  24  24  24  24  24   0
 27  29  47  22  22  24  25  25  26  26  26  26  25  25  25  26  27  26  26  25  25  25  25  25  25  25  24  24  24  24  24  24  24  24  24  24  24  24  24  24  24  24  24  24  24  24  24  24  24  24  24  24  24  24  24  24  25  25  24  24  24  24  24  24  24  24  25  24  24  24  24  24  23  24  23  23  23  23  23   0
  0   0   0   0   0   0   0   0   0   0   0   0   0   0   0   0   0   0   0   0   0   0   0   0   0   0   0   0   0   0   0   0   0   0   0   0   0   0   0   0   0   0   0   0   0   0   0   0   0   0   0   0   0   0   0   0   0   0   0   0   0   0   0   0   0   0   0   0   0   0   0   0   0   0   0   0   0   0   0   0
