mcotac-gem/iter_array.grd
DSAA
80 51
 1 80
 1 51
  0 200
  0   0   0   0   0   0   0   0   0   0   0   0   0   0   0   0   0   0   0   0   0   0   0   0   0   0   0   0   0   0   0   0   0   0   0   0   0   0   0   0   0   0   0   0   0   0   0   0   0   0   0   0   0   0   0   0   0   0   0   0   0   0   0   0   0   0   0   0   0   0   0   0   0   0   0   0   0   0   0   0
 23  29  29  30  29  29  29  29  29  29  29  29  29  23  29  29  29  29  23  29  29  29  29  29  29  29  29  29  29  29  29  29  29  29  29  29  29  29  29  29  29  29  29  29  29  29  29  29  30  29  29  29  29  29  29  29  29  29  29  29  29  29  29  29  29  29  29  29  29  29  29  29  29  29  29  29  29  29  29   0
 23  29  29  29  29  29  29  29  29  29  29  29  29  29  29  29  29  29  29  29  29  29  29  29  29  29  29  29  29  29  29  29  29  29  29  29  29  29  29  29  29  29  29  29  29  29  29  29  29  27  28  29  27  28  27  28  26  25  28  32  40  32  30  28  27  28  28  32  37  30  26  28  35  33  32  29  27  25  30   0
 23  29  29  29  29  29  29  29  29  29  29  29  29  29  29  29  29  29  29  29  29  29  29  29  23  29  29  29  29  29  29  29  29  29  29  29  29  29  29  29  29  29  29  29  29  29  29  27  27  29  28  28  27  27  27  27  28  34  34  30  28  30  27  28  28  37  38  29  28  31  35  34  31  29  25  29  29  34  34   0
 23  29  29  29  29  29  29  29  29  29  29  29  29  30  29  29  29  29  29  30  29  29  29  29  29  29  29  29  23  29  29  29  29  29  29  29  29  29  23  29  29  29  29  29  29  27  28  30  29  27  27  27  27  25  28  39  33  32  30  28  27  28  29  32  37  30  28  31  35  33  31  29  25  29  30  35  32  30  30   0
 23  29  29  29  29  29  29  29  29  29  29  29  29  29  29  29  29  29  29  29  29  29  29  29  29  23  29  29  23  29  29  29  29  29  29  29  29  29  23  29  29  29  29  29  28  27  30  27  27  27  27  27  29  31  33  37  30  28  28  28  28  34  34  30  26  31  33  35  32  29  25  30  29  34  32  28  31  27  27   0
 23  29  29  29  29  29  29  29  29  29  29  29  29  29  29  29  29  29  29  29  29  29  29  29  29  29  29  29  23  29  29  29  29  29  29  29  29  29  29  29  29  29  29  27  28  29  27  28  29  27  25  28  33  36  30  30  28  27  28  30  35  32  26  28  32  36  32  29  25  29  30  35  31  28  31  27  26  26  27   0
 23  29  29  29  29  29  29  29  29  29  29  29  29  29  29  29  29  29  29  29  29  29  29  29  29  29  29  29  29  29  29  29  29  29  29  29  29  29  29  29  29  29  27  29  27  28  27  26  27  39  32  34  30  30  28  27  28  30  32  32  28  28  32  36  31  29  25  29  31  33  31  30  30  27  26  26  27  26  27   0
 23  29  29  29  29  29  29  29  29  29  29  29  29  29  23  29  29  29  29  29  29  29  29  29  29  29  29  29  29  29  29  29  29  29  29  29  29  29  29  29  27  27  30  27  27  30  27  26  32  32  34  28  30  27  28  30  35  37  28  28  30  35  31  29  25  29  30  35  32  28  29  27  26  26  27  26  26  26  26   0
 23  29  29  29  29  29  29  29  29  29  29  29  29  29  23  29  29  29  29  29  29  29  29  30  29  29  29  29  29  29  29  29  29  23  29  29  29  29  29  29  27  29  28  27  26  25  28  33  41  30  28  27  29  28  34  37  30  26  30  35  33  31  28  29  31  35  31  30  29  27  26  27  27  26  26  26  26  23  23   0
 23  29  29  29  29  29  29  29  29  29  29  29  29  29  23  29  29  29  29  29  29  29  29  29  29  29  29  29  29  29  29  29  29  23  29  29  29  27  27  29  27  28  27  27  27  40  33  31  29  28  28  28  35  37  28  28  31  35  34  31  27  29  29  35  31  28  31  27  26  27  27  27  26  26  26  23  22  22  22   0
 23  29  29  29  29  29  29  29  29  29  29  29  29  29  23  29  29  29  29  29  29  29  29  29  29  29  29  29  29  29  29  29  29  29  29  29  27  28  29  27  28  27  27  28  32  36  30  28  27  28  32  33  30  26  32  35  33  31  27  25  31  35  31  28  28  27  26  27  27  27  26  26  23  23  22  22  22  22  22   0
 23  29  29  29  29  29  29  23  29  29  29  29  29  29  29  29  29  29  29  29  29  29  29  29  29  29  29  29  29  29  29  29  29  29  28  27  29  29  28  27  27  26  30  32  32  28  27  28  30  34  30  26  32  35  33  31  27  25  32  34  31  30  29  27  26  27  27  26  26  26  23  23  22  22  22  22  22  22  34   0
 23  29  29  29  29  29  29  23  29  29  29  29  29  29  29  29  29  29  29  29  29  29  29  29  29  29  29  29  29  29  29  29  29  28  27  29  27  27  27  26  28  33  34  30  28  28  28  35  32  28  28  35  35  30  27  25  33  34  32  28  28  27  26  27  27  26  26  26  23  23  22  22  22  22  22  34  35  33  36   0
 23  29  29  30  29  29  29  23  29  29  29  29  29  29  29  29  29  29  29  29  29  29  29  29  29  29  29  29  29  29  29  29  27  29  29  27  27  27  26  30  40  30  28  27  28  33  37  29  28  30  33  30  27  29  30  34  32  30  29  27  26  27  27  26  26  26  23  22  22  22  22  22  22  33  38  36  37  34  32   0
 23  29  29  29  29  29  29  29  29  29  29  29  29  29  29  29  29  29  29  29  23  29  23  29  29  29  29  29  29  29  29  27  29  27  28  27  27  28  33  31  28  28  28  30  34  32  28  30  35  31  27  25  29  34  31  29  31  27  26  27  27  26  26  26  23  22  22  22  22  22  22  37  37  37  33  35  30  32  29   0
 23  29  29  29  29  29  29  29  29  29  29  29  29  29  29  29  29  29  29  29  29  29  23  29  29  29  29  29  29  27  27  29  27  27  26  26  32  36  30  28  27  30  34  32  27  32  35  31  27  25  31  35  31  30  28  27  26  27  27  26  26  26  23  22  22  22  22  22  34  37  35  35  35  29  31  29  30  31  33   0
 23  29  29  29  29  29  29  29  29  29  29  29  29  29  29  29  23  29  29  29  29  29  29  29  29  29  29  29  29  27  29  27  27  27  28  33  33  28  27  28  32  37  28  28  35  31  29  25  34  35  32  30  28  27  26  27  27  26  26  26  23  22  22  22  22  22  34  36  36  35  35  28  31  32  29  36  35  36  36   0
 23  29  29  29  29  29  29  29  29  29  29  29  29  29  29  29  23  29  29  29  29  29  29  29  29  29  29  29  27  29  27  27  25  38  40  30  28  28  31  36  30  28  32  33  29  25  30  33  31  28  27  27  26  27  26  26  26  23  23  22  22  22  22  22  33  36  37  35  32  38  35  29  35  33  38  35  38  38  37   0
 23  29  29  29  29  29  29  29  29  29  29  29  29  29  29  29  23  29  29  29  29  29  29  29  29  29  27  30  27  27  25  31  34  30  28  27  28  34  32  28  32  34  30  27  30  31  33  29  28  27  26  27  26  26  26  23  23  22  22  22  22  22  37  34  37  34  31  32  30  31  36  33  38  35  42  37  45  42  50   0
 23  29  29  29  29  29  29  29  29  29  29  29  23  29  29  29  29  29  29  29  29  29  29  29  29  27  29  27  28  27  30  34  30  28  28  30  34  28  32  36  31  27  29  31  34  29  28  27  26  27  26  26  26  23  22  22  22  22  22  33  37  36  35  35  28  31  28  34  35  33  36  33  39  38  36  46  41  42  46   0
 23  29  29  29  29  29  29  29  29  29  29  29  29  29  29  29  29  29  29  29  29  29  29  29  27  27  27  28  26  34  34  28  27  28  37  30  28  36  33  29  25  29  35  30  28  27  26  27  26  26  26  23  22  22  22  22  22  33  37  36  35  32  31  29  36  34  32  35  35  39  39  39  47  53  56  53  45  47  35   0
 23  29  29  29  29  29  29  29  29  29  29  29  29  29  29  29  29  29  29  29  29  29  27  29  27  27  25  28  34  30  28  28  32  32  28  32  34  29  25  31  34  28  29  27  26  27  26  26  23  23  22  22  22  22  34  37  35  36  35  29  32  34  33  33  36  35  37  40  48  37  44  46  44  44  45  38  55  36  51   0
 23  29  29  29  29  29  29  29  29  29  29  29  29  29  29  29  29  29  29  29  29  27  29  27  27  27  34  34  28  27  30  35  28  32  36  31  25  31  35  30  30  27  26  26  26  26  23  23  22  22  22  22  33  36  34  37  35  33  32  31  31  33  36  37  37  38  43  51  50  54  50  41  46  41  38  48  21  21  22   0
 23  29  29  29  29  29  29  29  29  29  29  29  29  29  29  29  29  29  29  29  27  29  28  27  28  34  29  28  28  32  32  28  35  31  27  29  34  31  30  27  26  26  26  26  23  23  22  22  22  22  32  37  36  34  28  37  30  29  33  38  35  35  38  38  42  44  51  54  39  43  33  39  54  21  22  22  23  23  23   0
 23  29  29  29  29  23  29  29  29  29  29  29  29  29  29  29  29  29  29  27  27  27  27  39  30  30  28  29  37  26  32  34  29  29  31  31  30  27  26  27  26  26  23  22  22  22  22  22  35  36  36  35  29  31  29  32  33  38  34  38  38  41  44  46  40  53  59  33  42  46  21  22  23  23  23  22  21  21  21   0
 23  29  29  29  29  23  29  29  29  29  29  29  29  29  29  29  29  29  27  27  27  25  33  30  27  28  37  32  32  35  30  25  31  34  29  27  26  26  26  26  23  22  22  22  22  32  35  30  31  30  37  34  31  33  38  35  40  43  36  52  50  54  48  32  42  52  53  21  22  23  23  23  22  21  21  21  29  29  29   0
 23  29  29  29  29  23  29  29  29  29  29  29  29  29  29  29  29  28  28  27  37  33  30  28  32  32  28  33  33  25  33  34  29  27  26  27  26  26  23  22  22  22  22  32  36  35  34  29  33  39  38  36  35  42  38  38  37  42  51  44  37  37  33  46  21  22  23  23  23  22  21  21  31  30  29  30  29  24  25   0
 23  29  29  29  29  29  29  29  29  29  29  29  29  23  29  29  27  27  26  28  34  28  28  32  28  33  31  30  30  34  28  28  26  26  26  26  23  22  22  22  22  37  36  38  35  36  33  30  32  35  35  38  40  43  50  44  50  55  36  38  39  21  22  23  23  23  21  21  21  30  30  30  29  28  26  24  22  22  22   0
 23  29  29  29  29  29  29  29  29  29  29  29  29  29  29  27  28  27  33  32  27  30  30  32  34  27  34  31  32  28  27  27  26  26  23  22  22  22  22  37  31  37  27  30  36  31  34  37  38  40  33  52  51  55  32  32  31  50  21  22  23  23  23  21  21  21  30  30  29  29  25  24  23  22  22  22  22  22  22   0
 23  29  29  29  29  29  29  29  23  29  29  23  29  29  29  27  25  34  29  28  35  28  35  30  25  35  28  30  27  26  26  26  23  22  22  22  22  37  34  31  31  32  32  32  38  39  40  41  43  47  40  54  52  33  47  21  22  23  23  23  21  21  30  30  29  29  29  23  23  23  22  22  22  22  22  23  23  23  23   0
 23  29  29  29  29  29  29  29  23  29  29  23  29  27  27  25  38  30  28  34  32  34  27  31  31  29  26  26  27  26  23  22  22  22  22  37  38  35  37  33  34  36  36  42  44  43  46  38  33  50  52  55  21  22  23  23  23  21  21  30  30  29  30  25  25  24  23  22  22  22  22  22  23  23  23  23  24  23  23   0
 23  29  29  29  29  29  29  29  29  29  29  23  27  27  29  33  27  34  28  35  29  29  32  30  27  26  27  26  23  22  22  22  22  36  37  33  31  42  42  36  40  40  47  46  50  42  36  41  22  21  23  23  22  21  21  21  30  30  30  29  25  24  23  22  22  22  22  22  22  23  23  23  23  23  23  23  23  23  23   0
 23  29  29  29  29  29  29  29  29  29  29  28  27  38  31  28  35  28  32  25  35  28  27  26  27  26  23  22  22  22  34  38  36  27  35  44  35  36  40  45  41  44  33  41  29  54  21  23  23  23  21  21  30  30  29  29  29  25  23  23  22  22  22  22  22  23  23  23  23  23  23  23  23  22  22  23  23  23  23   0
 23  29  29  29  29  29  29  29  29  29  27  27  28  30  28  30  32  29  33  32  28  26  27  26  23  22  22  22  32  34  36  36  32  37  36  41  40  52  51  45  40  50  54  21  23  23  22  21  21  29  29  29  29  24  23  24  23  22  22  22  22  22  23  23  23  23  23  23  23  23  23  23  22  23  23  23  23  23  23   0
 23  29  29  29  29  29  29  30  29  29  28  34  30  30  26  34  25  35  30  26  27  26  23  22  22  22  37  36  32  34  30  35  38  40  39  46  51  35  52  50  21  22  23  22  21  21  29  29  30  29  22  23  23  22  22  22  22  22  23  23  23  23  23  23  23  23  22  23  23  23  23  23  23  23  23  23  23  23  23   0
 23  29  29  29  29  29  29  29  29  27  38  28  32  30  31  34  32  27  27  26  23  22  22  22  37  39  31  31  33  35  39  42  37  40  38  34  47  21  23  23  21  21  29  29  29  30  25  24  23  22  22  22  22  22  23  23  23  23  23  23  23  23  23  23  22  22  23  23  23  23  23  23  23  23  23  23  23  23  23   0
 23  29  29  29  23  29  29  29  27  30  28  36  32  27  35  31  26  26  26  22  22  22  38  36  38  35  33  38  42  52  48  39  33  46  21  22  23  21  21  29  29  30  29  22  24  23  22  22  22  22  22  23  23  23  23  23  23  23  23  23  23  22  23  23  23  23  23  23  23  23  23  23  23  23  23  23  23  22  22   0
 23  29  29  29  29  29  29  30  28  28  30  34  30  28  27  27  26  22  22  22  38  37  31  37  34  40  42  42  45  38  39  21  22  23  21  30  30  30  30  25  24  23  22  22  22  22  22  23  23  23  23  23  23  23  23  23  23  23  23  23  23  23  23  23  23  23  23  23  23  23  23  23  23  23  22  22  22  22  22   0
 23  29  29  29  29  29  29  31  27  28  31  32  28  26  26  23  22  22  37  37  30  37  37  41  48  38  33  49  21  22  23  21  30  30  29  30  24  24  23  22  22  22  22  22  23  23  23  23  23  23  23  23  22  22  23  23  23  23  23  23  23  23  23  23  23  23  23  23  23  22  22  22  22  22  22  22  24  25  24   0
 23  29  29  29  29  29  26  28  26  27  31  26  26  23  22  22  37  34  36  37  44  52  37  44  50  21  23  23  33  31  29  30  25  24  23  22  22  22  22  22  23  23  23  23  23  23  23  22  23  23  22  23  23  23  23  23  23  23  23  23  23  23  23  23  23  22  22  22  22  23  24  24  24  24  24  24  24  24  24   0
 23  29  29  29  29  27  28  26  25  30  27  26  22  22  38  34  39  34  46  40  37  42  21  23  32  30  30  29  29  22  24  23  22  22  22  22  23  23  23  23  23  23  23  23  23  23  22  23  23  23  23  23  23  23  23  23  23  23  23  23  23  22  22  24  24  24  24  24  24  24  24  25  25  25  24  23  23  23  23   0
 23  29  29  29  29  30  32  32  27  26  22  22  35  34  44  39  46  47  46  21  23  36  29  29  29  23  24  23  22  22  22  22  22  23  23  23  23  23  23  23  22  23  23  23  23  23  23  23  23  23  23  23  23  24  25  23  24  24  24  24  24  24  24  24  25  25  24  24  23  23  23  23  22  23  23  22  22  22  22   0
 23  29  29  29  29  28  34  26  23  22  38  33  32  42  40  38  21  23  36  31  30  26  24  23  22  22  22  22  22  23  23  23  23  23  23  23  23  23  23  23  23  23  23  23  23  23  25  23  25  24  24  24  24  24  24  24  24  25  25  24  24  23  23  23  23  23  23  23  22  22  22  22  22  22  22  22  21  21  21   0
 23  29  29  30  30  33  26  22  34  33  38  41  40  45  22  31  30  31  25  24  22  22  22  22  22  23  23  23  23  23  23  23  23  23  23  23  23  23  23  25  24  25  24  24  24  24  24  24  24  25  25  24  24  23  23  23  23  23  23  23  23  22  22  22  22  22  22  22  22  21  21  21  22  22  22  22  21  21  21   0
 23  29  29  31  33  26  22  35  39  42  41  21  38  30  31  24  23  22  22  22  22  23  23  23  23  23  23  23  23  23  23  23  26  24  24  24  24  24  24  24  24  24  25  25  24  23  23  23  23  23  23  23  23  22  22  22  22  22  22  22  22  22  21  21  22  22  22  22  21  21  21  21  21  21  21  21  21  21  22   0
 23  29  37  27  23  38  32  36  22  34  30  23  24  23  22  22  22  23  23  23  23  23  23  23  24  23  25  24  24  24  24  24  24  24  25  25  24  23  23  23  23  23  23  23  23  23  22  22  22  22  22  22  22  21  21  21  22  22  22  22  21  21  21  21  21  21  21  21  21  21  22  22  22  22  22  22  22  22  22   0
 23  29  26  33  32  41  21  34  25  24  22  22  22  23  23  23  24  24  25  24  24  24  24  24  24  24  24  25  25  25  25  24  24  24  23  23  23  23  22  22  22  22  22  22  22  21  21  22  22  22  22  21  21  21  21  21  21  21  21  21  21  21  22  22  22  22  22  22  22  22  22  22  22  22  22  22  22  22  22   0
 23  31  40  21  44  25  22  22  22  23  23  25  25  24  24  24  24  24  24  25  25  25  24  23  23  23  23  23  23  23  22  22  22  22  22  22  21  21  21  22  22  22  21  21  21  21  21  21  21  21  21  21  22  22  22  22  22  22  22  22  22  22  22  22  22  22  22  22  22  22  22  22  23  21  22  21  22  21  21   0
 25  37  33  22  22  24  25  24  24  24  25  25  25  25  24  23  23  23  22  22  22  22  22  22  22  21  22  21  22  22  22  22  21  21  21  21  21  21  21  21  22  22  22  22  22  22  22  22  22  22  22  22  22  22  22  22  22  22  22  22  22  21  21  21  21  21  21  21  21  22  21  22  21  21  21  21  23  22  21   0
  0   0   0   0   0   0   0   0   0   0   0   0   0   0   0   0   0   0   0   0   0   0   0   0   0   0   0   0   0   0   0   0   0   0   0   0   0   0   0   0   0   0   0   0   0   0   0   0   0   0   0   0   0   0   0   0   0   0   0   0   0   0   0   0   0   0   0   0   0   0   0   0   0   0   0   0   0   0   0   0
