mcotac-gem/iter_array.grd
DSAA
80 51
 1 80
 1 51
  0 200
[rows 0 to 50 of 51, columns 0 to 79 of 80]
0 0 0 0 0 0 0 0 0 0 0 0 0 0 0 0 0 0 0 0 0 0 0 0 0 0 0 0 0 0 0 0 0 0 0 0 0 0 0 0 0 0 0 0 0 0 0 0 0 0 0 0 0 0 0 0 0 0 0 0 0 0 0 0 0 0 0 0 0 0 0 0 0 0 0 0 0 0 0 0
0 0 0 0 0 0 0 0 1 0 0 0 0 0 0 0 0 1 0 0 0 0 0 0 0 0 0 2 0 2 0 0 0 0 0 2 0 0 0 0 1 0 2 1 1 2 1 1 1 1 1 1 1 1 1 1 2 2 2 1 2 4 2 2 2 3 3 3 3 3 6 4 3 4 3 3 3 4 5 0
0 0 0 2 0 0 0 0 0 0 2 0 0 0 0 0 0 0 0 3 0 0 0 0 1 0 0 0 0 0 0 0 0 0 2 0 1 0 1 1 0 0 0 0 0 0 0 1 1 1 1 1 1 1 1 1 2 2 2 1 3 2 5 4 2 2 2 2 2 2 2 2 2 2 2 2 2 2 2 0
0 0 0 0 2 0 0 0 0 0 0 3 0 0 1 0 0 0 0 0 0 0 0 0 0 0 0 0 0 0 2 0 3 0 0 1 0 1 0 0 0 0 0 0 0 1 1 0 1 1 1 2 1 1 4 2 2 2 2 1 2 3 2 2 2 4 2 2 3 2 2 2 2 2 2 2 3 2 2 0
2 0 0 0 0 0 0 1 0 0 0 0 0 3 2 0 0 0 2 0 0 0 0 1 1 0 0 0 0 0 0 0 0 0 0 0 0 0 0 0 0 0 1 0 1 0 0 1 1 1 1 1 2 2 2 6 1 2 2 1 2 2 3 2 2 2 2 2 2 3 2 2 2 2 2 2 2 2 2 0
0 0 0 0 0 1 0 0 0 0 0 0 0 0 0 0 1 0 0 0 0 0 0 0 2 0 0 0 0 0 0 2 0 2 1 0 2 0 0 0 0 1 0 1 0 1 1 1 1 2 2 1 2 2 1 2 4 2 5 2 2 2 2 2 3 2 3 2 2 2 2 2 2 2 2 2 2 3 2 0
0 0 0 0 0 1 0 0 0 0 0 0 0 1 0 2 1 1 0 0 0 0 0 0 0 2 1 0 0 0 0 0 0 0 0 0 0 0 0 0 0 0 0 0 1 1 1 2 1 2 2 2 2 4 1 1 3 2 2 3 2 2 2 2 2 2 2 2 2 2 2 2 2 2 2 2 2 2 2 0
0 0 0 0 0 2 0 0 0 0 0 0 2 0 0 0 0 0 0 2 0 0 0 0 0 0 0 0 0 0 0 0 0 0 0 0 0 0 0 0 2 0 1 1 1 1 1 4 2 1 2 2 2 2 2 3 2 2 2 2 2 2 3 2 2 2 2 2 2 2 2 2 2 2 2 2 2 2 2 0
0 0 0 0 0 0 0 0 0 0 0 0 0 0 0 0 2 0 0 0 0 0 0 0 0 0 0 0 0 0 0 0 0 0 0 0 0 0 0 0 0 1 1 2 1 2 2 1 2 4 1 2 3 3 3 2 2 2 2 2 2 3 2 2 2 2 2 2 2 2 2 2 2 2 2 2 2 2 2 0
0 1 2 0 0 0 0 0 0 0 0 0 0 0 0 0 0 0 0 0 0 0 0 0 0 0 0 0 0 0 0 0 0 0 0 0 0 0 3 1 1 2 2 1 2 2 1 1 2 2 3 3 2 2 4 2 2 2 2 2 2 2 2 2 2 2 2 2 2 2 2 2 2 2 2 2 2 2 2 0
0 2 0 0 0 1 2 0 2 0 0 0 0 0 0 0 0 0 0 0 2 0 0 0 0 0 0 0 3 0 0 0 0 0 3 0 0 0 1 2 1 2 1 2 2 3 2 1 5 3 2 2 2 2 2 2 2 2 2 2 2 2 2 2 2 2 2 2 2 2 2 2 2 2 2 2 2 2 2 0
0 0 0 0 2 0 0 0 0 0 0 0 0 0 0 0 0 0 0 0 0 2 2 0 0 0 0 1 0 3 0 0 0 0 0 0 1 1 1 1 1 1 1 4 2 4 1 2 3 2 2 2 2 2 2 2 3 2 2 2 2 2 2 2 2 2 2 2 2 2 2 2 2 2 2 2 2 2 2 0
0 0 0 0 0 0 0 0 0 0 0 0 0 0 0 0 0 0 3 0 0 0 0 0 1 0 1 0 0 0 2 0 1 0 0 1 1 3 2 2 1 2 2 1 1 3 2 2 3 2 2 3 2 2 2 2 2 2 2 2 2 2 2 2 2 2 2 2 2 2 2 2 2 2 2 2 2 2 2 0
0 0 0 2 0 0 0 0 0 0 0 0 0 0 0 0 0 2 0 0 0 0 0 0 3 1 0 0 0 0 0 1 0 1 1 1 1 2 2 2 2 2 1 3 2 2 2 2 2 2 1 2 2 3 2 2 2 2 2 2 2 2 2 2 2 2 2 2 2 2 2 2 2 2 2 2 2 2 2 0
0 0 1 0 0 0 0 3 0 0 0 0 0 0 0 0 0 0 0 0 0 0 0 0 1 0 0 2 0 0 1 1 2 1 1 2 1 1 2 2 4 2 3 3 2 2 3 2 2 2 2 2 2 2 2 3 2 2 2 2 2 2 2 2 2 3 2 2 2 2 2 2 2 2 2 2 2 2 2 0
0 0 0 0 0 0 0 0 0 1 0 0 2 2 0 0 0 0 0 0 0 0 0 1 0 0 0 0 1 1 0 1 1 2 1 1 5 2 1 1 2 3 2 2 2 2 2 4 2 2 2 2 2 2 2 2 2 2 2 2 2 2 2 2 2 2 2 2 2 2 2 2 2 2 2 2 2 2 3 0
0 0 0 0 0 0 0 0 0 0 0 0 0 0 0 0 0 0 0 3 0 0 1 0 0 0 0 1 0 0 1 1 1 2 1 2 2 1 2 2 3 2 2 2 2 2 2 2 2 2 2 2 2 2 3 2 2 3 2 2 2 2 2 2 2 2 2 2 2 2 2 2 2 2 2 2 2 2 3 0
0 0 0 0 0 0 0 0 0 0 2 0 0 0 0 0 0 0 0 0 0 1 0 0 0 0 1 0 1 1 1 2 2 1 2 1 1 2 2 2 2 3 2 3 4 2 2 2 2 3 2 2 2 2 2 2 2 2 2 2 2 2 2 2 2 2 2 2 2 2 2 2 2 2 2 3 3 4 2 0
0 0 1 0 0 2 0 0 0 0 0 0 0 0 0 2 1 0 0 0 1 0 0 0 0 3 0 1 2 2 1 4 2 2 2 2 3 2 2 3 2 2 2 2 2 2 2 2 2 2 2 2 2 2 2 2 2 2 2 2 2 2 2 2 2 2 2 2 2 2 2 2 3 3 3 3 2 2 2 0
1 0 0 0 0 0 0 0 0 0 0 0 0 0 0 0 1 1 0 0 2 0 0 1 0 0 1 1 3 2 2 1 1 2 4 2 2 4 2 2 2 2 2 2 2 2 2 2 2 2 2 2 2 2 2 2 2 2 2 2 2 2 2 2 2 2 2 2 2 2 3 3 2 2 2 2 2 2 3 0
0 2 2 0 1 0 0 0 0 0 0 0 0 0 1 0 0 2 0 0 0 0 0 2 1 1 3 1 2 2 2 2 3 2 2 3 2 2 2 2 2 2 2 2 2 2 2 2 2 2 2 2 2 2 2 2 2 2 2 2 2 2 2 2 2 2 2 2 3 3 2 2 2 2 2 3 3 2 2 0
0 0 0 0 2 0 0 0 0 0 0 1 1 0 0 0 0 0 0 0 0 0 0 1 1 1 2 1 1 2 1 3 2 2 2 2 2 2 2 2 2 2 2 2 2 2 2 2 2 2 2 2 2 2 2 2 2 2 2 2 2 2 2 2 2 2 3 2 2 2 2 2 2 2 2 16 24 38 49 0
0 0 0 0 0 0 0 0 1 0 0 2 2 0 0 0 0 0 0 0 0 0 1 1 1 1 2 4 1 3 3 2 3 2 2 2 3 2 2 2 2 2 2 2 2 2 2 2 2 2 2 2 2 2 2 2 2 2 2 2 2 2 2 2 2 2 2 2 2 2 2 15 18 17 39 14 12 2 2 0
0 0 0 0 0 0 0 0 0 0 0 0 0 0 0 0 0 0 0 0 0 1 2 2 1 2 2 1 2 2 3 2 2 2 2 2 2 2 2 2 2 2 2 2 2 2 2 2 2 2 2 2 2 2 2 2 2 2 2 2 2 2 2 2 2 2 2 2 3 22 18 14 12 12 2 2 2 2 2 0
0 0 0 0 0 0 0 0 0 0 0 0 1 0 0 0 0 0 0 1 1 1 2 2 5 3 2 2 3 2 2 2 2 2 2 2 2 2 2 2 2 2 2 2 2 2 2 2 2 2 2 2 2 2 2 2 2 3 3 2 2 2 2 2 2 2 4 29 23 14 12 2 2 2 2 2 2 2 2 0
2 0 0 0 0 0 0 0 0 0 0 0 0 1 0 0 0 0 1 2 2 2 2 2 3 5 3 3 2 2 2 3 2 2 2 2 2 2 2 2 2 2 2 2 2 2 2 2 2 2 2 2 2 2 3 3 2 2 2 2 2 2 2 4 18 23 49 13 12 2 2 2 2 2 2 2 2 2 2 0
0 0 0 0 0 0 0 3 0 0 2 0 0 2 0 0 0 1 2 2 1 2 2 2 2 3 2 2 2 3 2 2 2 2 2 2 2 2 2 2 2 2 2 2 2 2 2 2 2 2 2 2 3 2 2 3 2 2 2 3 7 21 19 47 14 12 2 2 2 2 2 2 2 2 2 2 2 2 2 0
0 0 0 2 0 0 0 0 0 0 0 0 0 0 2 0 1 1 1 2 3 5 3 3 2 2 2 2 2 2 2 2 2 2 2 2 2 2 2 2 2 2 2 2 2 2 2 2 2 2 2 3 2 2 2 2 3 29 16 33 51 14 12 2 2 2 2 2 2 2 2 2 2 2 2 2 2 2 2 0
0 2 0 0 0 0 0 0 2 0 0 0 0 0 0 1 2 1 2 2 5 3 2 2 2 2 2 2 2 2 2 2 2 2 2 2 2 2 2 2 2 2 2 2 2 2 2 3 2 3 2 3 2 3 3 11 21 14 12 13 2 2 2 2 2 2 2 2 2 2 2 2 2 2 2 2 2 2 2 0
0 0 0 0 0 0 2 0 0 0 0 0 0 0 1 2 2 2 2 2 3 2 2 2 2 2 2 2 2 2 2 2 2 2 2 2 2 2 2 2 2 2 2 2 2 2 3 2 2 2 7 3 13 33 43 55 14 2 2 2 2 2 2 2 2 2 2 2 2 2 2 2 2 2 2 2 2 2 2 0
0 0 0 0 0 0 0 0 0 0 0 0 0 1 1 2 2 3 2 2 2 2 2 2 2 2 2 2 2 2 2 2 2 2 2 2 2 2 2 2 2 2 3 2 3 2 3 3 3 13 41 51 47 13 2 2 2 2 2 2 2 2 2 2 2 2 2 2 2 2 2 2 2 2 2 2 2 2 2 0
0 0 2 0 0 0 0 0 0 1 0 0 1 2 2 2 3 3 3 2 2 2 2 2 2 2 2 2 2 2 2 2 2 2 2 2 2 2 2 2 3 3 2 2 3 3 29 30 49 43 13 2 2 2 2 2 2 2 2 2 2 2 2 2 2 2 2 2 2 2 2 2 2 2 2 2 2 2 2 0
0 0 0 0 0 0 0 0 0 2 0 1 1 2 2 3 2 2 2 2 2 2 2 2 2 2 2 2 2 2 2 2 2 2 2 2 2 2 2 3 2 3 3 11 16 49 13 18 2 2 2 2 2 2 2 2 2 2 2 2 2 2 2 2 2 2 2 2 2 2 2 2 2 2 2 2 2 2 2 0
0 0 0 0 0 2 0 0 0 0 1 1 1 1 2 2 2 2 2 2 2 2 2 2 2 2 2 2 2 2 2 2 2 2 2 2 2 3 3 3 13 16 45 51 13 2 2 2 2 2 2 2 2 2 2 2 2 2 2 2 2 2 2 2 2 2 2 2 2 2 2 2 2 2 2 2 2 2 2 0
0 0 0 0 0 0 0 0 0 0 1 2 2 2 2 2 2 2 2 2 2 2 2 2 2 2 2 2 2 2 2 2 2 2 3 4 4 5 23 43 55 14 2 2 2 2 2 2 2 2 2 2 2 2 2 2 2 2 2 2 2 2 2 2 2 2 2 2 2 2 2 2 2 2 2 2 2 2 2 0
2 0 0 0 0 0 0 0 0 1 2 2 2 2 2 2 2 2 2 2 2 2 2 2 2 2 2 2 2 2 2 2 3 11 9 25 44 47 13 2 2 2 2 2 2 2 2 2 2 2 2 2 2 2 2 2 2 2 2 2 2 2 2 2 2 2 2 2 2 2 2 2 2 2 2 1 1 1 1 0
1 0 0 0 0 0 0 0 1 1 2 2 2 2 2 2 2 2 2 2 2 2 2 2 2 2 2 2 2 2 3 5 12 28 51 18 2 2 2 2 2 2 2 2 2 2 2 2 2 2 2 2 2 2 2 2 2 2 2 2 2 2 2 2 2 2 2 2 2 2 1 2 1 1 1 1 1 1 1 0
1 0 0 0 0 0 0 1 1 2 2 2 2 2 2 2 2 2 2 2 2 2 2 2 2 2 4 5 5 12 18 49 45 13 3 2 3 2 2 2 2 2 2 2 2 2 2 2 2 2 2 2 2 2 2 2 2 2 2 2 2 2 2 2 2 2 2 1 1 1 1 1 2 2 2 2 2 2 2 0
0 0 0 2 0 0 0 2 2 3 2 2 2 2 2 2 3 3 2 2 2 2 2 2 6 7 12 33 49 45 13 3 2 2 2 2 2 2 2 2 2 2 2 2 2 2 2 2 2 2 2 2 2 2 2 2 2 2 2 2 2 2 2 2 2 2 2 2 2 2 2 2 3 3 4 7 23 26 25 0
0 2 0 0 0 1 1 2 2 2 2 2 2 2 2 2 2 2 3 2 2 5 6 11 29 53 45 13 3 2 3 3 2 2 2 2 2 2 2 2 2 2 2 2 2 2 2 2 2 2 2 2 2 2 2 2 2 2 2 2 2 2 2 2 2 3 3 4 7 23 27 27 27 24 23 14 3 3 3 0
0 0 0 1 1 1 3 2 2 2 2 2 2 2 2 3 2 2 2 5 9 16 41 43 16 3 2 2 3 3 2 2 2 2 2 2 2 2 2 2 2 2 2 2 2 2 2 2 2 2 2 2 2 2 2 2 2 3 3 3 4 7 26 27 27 24 23 23 14 3 3 3 3 3 3 3 3 3 3 0
2 0 0 0 0 3 2 2 2 2 2 3 2 2 3 2 8 9 20 46 45 20 3 2 2 3 3 3 2 2 2 2 2 2 2 2 2 2 2 2 2 2 2 2 2 2 2 2 2 2 3 3 3 5 25 26 25 24 28 23 24 14 3 3 3 3 3 3 3 3 3 3 2 2 3 3 3 3 3 0
0 0 0 0 2 3 2 2 2 2 2 2 2 2 7 13 29 46 13 3 3 3 3 3 3 2 2 2 2 2 2 2 2 2 2 2 2 2 2 2 2 2 2 3 3 4 7 25 27 27 25 23 23 25 3 3 3 3 7 3 3 3 3 3 2 2 2 2 3 3 3 3 3 3 3 3 3 3 3 0
0 0 0 2 3 2 2 2 2 2 3 2 8 27 47 45 14 3 2 3 3 3 3 2 2 2 2 2 2 2 2 2 2 2 2 2 3 3 4 25 26 25 27 27 23 23 14 3 3 3 3 3 3 3 3 3 3 2 3 3 2 3 3 3 3 3 3 3 3 3 3 3 3 3 3 3 3 3 3 0
0 0 2 4 2 2 2 4 2 13 20 40 43 13 3 3 3 3 2 2 3 3 3 2 2 2 2 2 3 3 3 4 25 26 27 25 26 23 23 3 3 3 3 3 3 3 3 4 3 3 2 3 3 3 3 3 3 3 3 3 3 3 3 3 3 3 3 3 3 3 3 3 3 3 3 3 3 3 3 0
0 0 2 3 7 6 3 16 32 45 13 3 3 3 3 3 3 3 2 3 3 3 3 3 4 25 27 26 26 25 23 24 4 3 3 3 3 3 3 3 4 3 3 3 3 3 3 3 3 3 3 3 3 3 3 3 3 3 3 3 3 3 3 3 3 3 3 3 3 3 3 3 3 3 3 4 6 3 3 0
0 0 4 3 7 16 37 14 3 4 3 2 3 3 3 3 3 4 23 26 26 26 24 27 25 3 3 3 3 3 3 3 3 3 3 3 3 3 3 3 3 3 3 3 3 3 3 3 3 3 3 3 3 3 3 3 3 3 3 3 3 3 3 3 3 3 3 3 3 3 3 3 2 2 2 2 2 3 3 0
0 4 4 4 36 13 4 4 5 5 6 24 24 24 24 24 23 24 4 3 3 3 3 4 4 4 3 3 3 3 3 3 3 3 3 3 3 3 3 3 3 3 3 3 3 3 3 3 3 3 3 3 3 3 3 3 3 3 3 3 3 3 3 3 2 2 2 2 3 2 2 3 2 2 3 2 2 2 2 0
5 5 3 4 39 42 34 33 5 5 9 3 3 3 3 4 4 4 4 4 4 3 3 3 3 3 3 3 3 3 3 3 3 3 3 3 3 3 20 3 3 3 3 3 3 3 3 3 3 3 3 3 3 3 2 3 2 3 2 2 2 3 2 2 2 3 3 3 3 2 2 2 2 2 2 2 2 2 2 0
3 4 4 4 4 4 3 4 33 34 36 18 36 36 38 39 38 39 20 38 37 37 37 37 37 37 36 36 36 36 36 36 36 36 36 36 36 36 0 36 36 36 36 36 37 37 37 38 37 38 38 37 38 37 37 38 37 24 22 37 37 38 37 37 37 37 37 37 37 37 38 22 38 39 38 38 38 38 38 0
0 0 0 0 0 0 0 0 0 0 0 0 0 0 0 0 0 0 0 0 0 0 0 0 0 0 0 0 0 0 0 0 0 0 0 0 0 0 0 0 0 0 0 0 0 0 0 0 0 0 0 0 0 0 0 0 0 0 0 0 0 0 0 0 0 0 0 0 0 0 0 0 0 0 0 0 0 0 0 0
