mcotac-gem/iter_array.grd
DSAA
80 51
 1 80
 1 51
  0 200
  0   0   0   0   0   0   0   0   0   0   0   0   0   0   0   0   0   0   0   0   0   0   0   0   0   0   0   0   0   0   0   0   0   0   0   0   0   0   0   0   0   0   0   0   0   0   0   0   0   0   0   0   0   0   0   0   0   0   0   0   0   0   0   0   0   0   0   0   0   0   0   0   0   0   0   0   0   0   0   0
 23  29  29  29  29  29  29  23  29  29  29  29  23  29  29  29  29  29  29  29  29  29  29  23  29  27  27  29  29  29  27  27  27  27  29  29  29  29  29  29  29  29  27  29  29  29  27  27  29  29  29  27  27  27  27  27  29  27  29  29  29  29  29  29  29  29  29  27  27  29  29  29  28  27  28  27  27  27  29   0
 23  29  29  29  29  29  29  29  29  29  29  29  29  29  29  29  29  29  29  29  29  29  29  29  29  29  29  29  29  29  29  29  29  29  29  29  29  29  29  29  29  29  29  29  29  29  29  29  29  27  27  29  27  27  27  30  27  25  28  33  37  30  30  28  27  28  31  37  32  28  28  32  32  35  31  29  25  30  30   0
 23  29  29  29  29  29  29  29  29  29  29  29  29  29  29  29  29  29  29  29  29  29  29  29  29  29  29  29  29  29  29  29  29  29  29  29  29  29  29  29  29  29  29  29  29  29  29  29  28  29  29  28  28  29  27  25  30  32  34  32  28  28  27  28  32  34  32  28  28  30  36  34  31  29  25  31  31  33  34   0
 23  29  29  29  29  29  29  29  29  29  29  29  29  29  29  29  29  29  29  29  29  29  29  29  29  29  29  29  29  29  29  29  29  29  29  29  29  29  29  29  29  29  29  29  29  29  27  27  30  27  28  27  27  25  28  38  33  34  30  28  27  28  30  37  38  28  28  30  35  36  31  29  25  31  30  34  31  30  30   0
 23  29  29  29  29  29  29  29  29  29  29  29  29  29  29  29  29  29  29  29  29  29  29  29  29  29  29  29  29  29  29  29  29  23  29  29  29  29  29  29  29  29  29  29  29  27  29  29  27  27  27  27  27  38  34  36  30  29  28  28  30  34  37  28  28  31  35  34  30  27  25  31  31  35  31  30  29  27  27   0
 23  29  29  29  29  29  29  29  29  29  29  30  29  29  29  29  29  29  29  29  29  29  29  29  29  29  29  29  29  29  29  29  29  23  29  29  29  29  29  29  29  29  29  29  27  29  27  27  27  27  25  28  34  36  30  28  28  27  28  32  37  32  26  32  35  35  31  29  25  31  29  35  31  28  28  27  26  26  27   0
 23  29  29  29  29  29  29  23  29  29  29  29  29  29  29  29  29  29  29  29  29  29  29  29  29  29  29  29  29  29  29  29  29  23  29  29  29  29  29  29  29  29  27  27  29  27  27  27  27  31  33  34  32  28  28  27  28  30  34  32  26  32  32  35  31  29  25  30  31  34  32  28  29  27  26  26  27  26  27   0
 23  29  29  29  29  29  29  29  29  29  29  29  29  29  23  29  29  29  29  29  29  29  29  29  29  29  29  29  29  29  29  29  29  23  29  29  29  29  29  29  29  27  28  27  28  27  25  26  34  34  32  29  30  27  28  28  36  32  27  28  35  35  31  29  25  30  29  34  31  28  28  27  26  26  27  27  26  26  26   0
 23  29  29  29  29  29  29  29  23  29  29  29  29  29  29  29  29  29  29  29  29  29  29  29  29  29  29  29  29  29  29  29  29  29  29  29  29  29  29  27  30  29  27  28  28  27  28  33  36  30  28  27  28  30  34  37  28  28  32  35  33  29  25  29  29  34  32  30  29  27  26  27  27  27  26  26  26  23  23   0
 23  29  29  29  29  29  23  29  23  29  29  29  29  29  29  29  29  29  29  29  29  29  29  29  29  29  29  29  29  29  29  29  29  29  29  29  29  29  27  30  27  27  27  26  26  31  34  32  30  28  28  30  37  32  28  28  30  35  32  29  25  29  29  34  32  30  28  27  26  27  27  27  26  26  26  23  22  22  22   0
 23  29  29  29  29  29  29  29  23  29  29  29  29  29  29  29  29  29  29  29  29  29  29  29  29  29  29  29  29  29  29  29  29  29  29  29  29  27  29  27  27  27  27  34  33  36  30  30  27  28  30  37  28  28  32  35  33  30  27  29  30  34  31  28  29  27  26  27  27  26  26  26  23  23  22  22  22  22  22   0
 23  29  29  29  29  29  29  29  29  29  29  29  29  29  29  29  29  29  29  29  29  29  29  29  29  29  29  29  29  29  29  29  29  29  29  27  27  30  27  27  26  26  40  34  31  28  27  28  29  34  30  28  31  35  31  30  27  29  31  34  31  30  29  27  26  27  27  26  26  26  23  23  22  22  22  22  22  22  33   0
 23  29  29  29  29  29  29  29  29  29  29  29  29  29  29  29  29  29  29  29  29  29  29  29  29  29  29  29  29  29  29  29  29  29  27  29  27  27  27  26  34  34  32  30  28  28  29  35  32  26  30  35  34  29  25  25  31  35  31  29  28  27  26  27  27  26  26  26  23  23  22  22  22  22  22  31  35  35  37   0
 23  29  29  29  29  29  29  29  29  29  29  29  29  29  29  29  29  29  30  29  29  29  29  29  23  29  29  29  29  29  29  29  29  27  29  27  27  27  25  40  33  30  29  27  28  32  37  28  28  33  35  30  27  29  29  34  31  29  27  27  26  27  27  26  26  26  23  22  22  22  22  22  22  32  37  36  36  31  29   0
 23  29  29  29  29  29  29  29  29  29  29  29  29  29  29  29  29  29  29  29  29  29  29  29  23  29  29  29  29  29  29  27  29  27  27  28  27  39  33  34  30  28  28  30  35  30  28  32  35  30  27  29  29  34  31  28  27  27  26  27  27  26  26  26  23  22  22  22  22  22  22  37  35  35  37  31  34  36  29   0
 23  29  29  29  29  29  29  29  29  29  29  29  29  29  29  29  29  29  29  29  29  29  29  29  29  29  29  29  29  29  28  30  27  27  27  25  30  34  30  28  27  29  34  30  26  30  36  31  27  25  30  35  31  30  27  27  26  27  27  26  26  26  23  22  22  22  22  22  34  37  35  34  30  32  31  31  29  35  33   0
 23  29  29  29  29  29  29  29  29  29  29  29  29  29  29  29  29  29  29  29  29  29  29  29  29  29  29  29  29  27  29  27  27  25  33  33  34  30  27  28  32  32  26  32  36  31  29  25  32  34  31  30  27  26  26  27  27  26  26  26  23  22  22  22  22  22  32  36  36  35  35  29  32  33  35  36  35  35  36   0
 23  29  29  29  29  29  29  29  29  29  29  29  29  29  29  29  29  29  29  29  29  29  29  29  29  29  29  27  27  29  27  27  25  30  34  32  28  28  30  35  28  28  32  34  29  25  32  35  31  30  28  26  26  27  26  26  26  23  23  22  22  22  22  22  35  36  36  36  34  34  33  39  34  33  38  34  39  39  39   0
 23  29  29  29  29  29  29  29  29  29  29  29  29  29  29  29  29  29  29  29  29  29  30  29  29  29  27  29  27  27  27  27  33  34  29  26  28  34  32  28  31  36  30  25  31  35  31  30  27  26  26  27  26  26  26  23  23  22  22  22  22  22  35  35  37  34  27  31  31  33  35  36  34  36  38  41  49  51  44   0
 23  29  29  29  29  29  29  29  29  29  29  29  29  29  29  29  29  29  29  29  29  29  29  29  29  27  29  28  28  27  28  33  30  28  28  32  37  26  32  36  31  27  30  33  31  30  28  27  26  27  26  26  26  23  22  22  22  22  22  32  37  36  35  35  28  31  34  33  33  35  35  41  39  46  43  45  40  44  52   0
 23  29  29  29  29  29  29  29  29  29  29  29  29  29  29  29  29  29  29  29  29  29  29  29  28  27  28  27  25  33  32  30  27  28  34  30  28  35  31  27  29  31  31  30  27  27  26  27  26  26  26  23  22  22  22  22  22  34  37  36  35  33  31  31  38  36  35  36  37  38  40  45  37  50  51  54  48  42  51   0
 23  29  29  29  29  29  29  29  29  29  29  29  29  29  23  29  29  29  29  29  29  29  29  30  27  27  27  29  33  31  30  28  32  32  26  32  34  27  25  29  33  30  28  27  26  27  26  26  23  23  22  22  22  22  32  36  34  36  35  33  32  33  44  33  36  34  40  37  37  52  46  49  44  52  33  41  53  54  50   0
 23  29  29  29  29  29  29  29  29  29  29  29  29  29  23  29  29  29  29  29  23  27  29  27  27  26  33  39  28  27  30  35  28  32  36  30  25  31  33  31  27  27  26  27  26  26  23  23  22  22  22  22  34  37  37  37  35  36  29  39  33  33  38  37  39  35  52  52  54  54  52  41  37  35  34  45  21  22  22   0
 23  29  29  29  29  29  29  29  29  29  29  29  29  29  23  29  29  29  29  29  27  30  27  26  28  34  30  28  28  34  32  28  35  31  27  34  34  32  30  27  26  27  26  26  23  23  22  22  22  22  37  37  36  36  35  32  34  37  33  36  35  42  40  41  48  44  48  46  49  47  33  39  45  21  22  23  23  23  23   0
 23  29  29  29  29  29  29  29  29  29  29  29  29  29  29  29  29  29  29  27  27  27  27  40  34  28  28  30  35  28  30  33  29  29  31  31  30  27  26  27  26  26  23  22  22  22  22  22  38  33  36  35  33  35  32  36  33  36  36  38  49  40  46  55  46  55  49  47  51  47  21  22  23  23  23  21  21  21  21   0
 23  29  29  29  29  29  29  29  29  29  29  29  29  29  29  29  29  29  27  27  27  25  32  30  28  28  34  32  28  35  30  25  30  34  30  27  26  26  26  26  23  22  22  22  22  31  37  35  28  28  36  33  42  33  36  37  39  44  37  39  46  44  51  39  31  39  52  21  22  23  23  23  21  21  21  30  30  29  29   0
 23  29  29  29  29  29  29  29  29  29  29  29  23  29  29  29  29  27  27  27  27  34  30  28  32  32  28  32  31  27  33  34  30  27  26  27  26  26  23  22  22  22  22  34  37  38  32  31  28  30  36  34  38  40  43  44  41  53  44  40  44  45  33  47  21  22  23  23  23  21  21  21  30  29  30  29  29  28  24   0
 23  29  29  29  29  29  29  29  29  29  29  29  23  29  29  29  27  27  27  28  32  28  28  34  26  32  31  29  30  34  29  28  26  27  26  26  23  22  22  22  22  37  35  36  27  33  36  29  36  37  37  40  46  41  55  42  47  43  33  38  49  21  22  23  23  23  21  21  21  30  29  30  29  25  24  23  22  22  22   0
 23  29  29  29  29  29  29  29  29  29  29  29  23  29  29  27  27  27  31  30  27  30  32  28  35  27  31  31  31  28  26  27  26  26  23  22  22  22  22  35  36  39  31  34  30  38  36  37  39  41  48  51  54  46  46  42  50  53  21  22  23  23  23  21  21  30  30  29  30  29  22  23  23  22  22  22  22  22  22   0
 23  29  29  29  29  29  29  29  29  29  29  29  23  29  27  27  25  33  28  28  37  28  34  30  25  35  28  30  27  27  27  26  23  22  22  22  22  37  35  33  34  32  31  36  36  37  39  44  44  44  47  35  45  52  21  21  22  23  23  23  21  21  30  30  29  29  25  26  24  22  22  22  22  22  22  23  23  23  23   0
 23  29  29  29  29  29  29  29  29  29  29  29  23  27  27  25  33  28  28  36  28  35  27  31  31  29  26  26  27  26  23  22  22  22  22  37  36  35  37  33  32  35  38  43  44  44  52  44  38  47  42  22  22  23  23  23  21  21  21  30  29  31  29  25  24  23  22  22  22  22  22  22  23  23  23  23  23  23  23   0
 23  29  29  29  29  29  29  29  29  29  29  29  27  27  27  32  27  30  30  33  29  29  34  30  27  27  26  26  23  22  22  22  22  38  35  27  32  33  38  36  37  42  48  54  47  42  27  37  22  22  23  23  23  21  21  30  30  29  30  29  22  23  23  22  22  22  22  22  23  23  23  23  23  23  23  23  23  22  23   0
 23  29  29  29  29  29  29  29  29  29  29  27  27  39  32  27  34  28  35  27  31  32  27  26  26  26  23  22  22  22  32  37  38  29  35  33  35  38  40  41  48  42  54  42  33  22  22  23  23  22  21  21  30  29  30  30  24  24  23  22  22  22  22  22  22  23  23  23  23  23  23  23  23  23  23  23  23  23  23   0
 23  29  29  29  29  29  29  29  29  29  28  27  36  32  28  32  32  29  31  31  29  26  26  26  23  22  22  22  32  34  36  29  30  34  36  41  42  45  53  37  38  45  22  22  23  23  22  21  30  30  29  30  28  28  24  23  22  22  22  22  22  22  23  23  23  23  23  23  23  23  22  22  23  23  23  23  23  23  23   0
 23  29  29  29  29  29  29  29  29  29  27  30  29  28  27  36  27  34  30  26  26  26  23  22  22  22  37  34  32  40  33  35  38  40  44  55  41  31  51  22  22  23  23  22  21  30  30  30  30  25  24  23  22  22  22  22  22  22  23  23  23  23  23  23  23  23  22  23  23  23  23  23  23  23  23  23  23  23  23   0
 23  29  29  29  29  29  29  29  29  28  28  28  30  28  31  30  32  27  27  26  26  22  22  22  38  37  30  29  35  36  39  39  54  49  42  44  44  21  23  23  23  21  29  29  31  29  22  23  23  22  22  22  22  22  23  23  23  23  23  23  23  23  23  23  23  23  23  23  23  23  23  23  23  23  23  23  23  23  23   0
 23  29  29  29  29  29  29  29  28  34  28  33  30  27  33  30  26  26  26  22  22  22  38  35  37  42  35  38  40  40  46  43  33  52  21  23  23  21  21  29  29  30  29  24  24  22  22  22  22  22  22  23  23  23  23  23  23  23  23  22  22  23  22  23  23  23  23  23  23  23  23  23  23  23  23  23  23  23  22   0
 23  29  29  29  29  29  29  29  35  28  37  35  25  32  27  26  26  22  22  22  38  27  33  38  37  39  54  46  34  37  51  21  22  23  21  30  30  29  29  25  24  23  22  22  22  22  22  23  23  23  23  23  23  23  23  23  23  23  23  23  23  23  23  23  23  23  23  23  23  23  23  23  23  23  22  22  22  22  22   0
 23  29  29  29  29  29  29  25  28  30  31  31  30  27  26  23  22  22  37  33  39  38  39  41  36  37  36  36  21  23  22  21  30  29  30  30  27  23  23  22  22  22  22  22  23  23  23  23  23  23  23  22  23  23  23  23  23  23  23  23  23  23  23  23  23  23  23  23  23  23  22  22  22  22  22  22  22  24  24   0
 23  29  29  29  29  29  28  28  28  27  32  27  26  23  22  22  35  34  30  32  40  48  40  42  49  21  23  23  31  30  29  30  25  24  23  22  22  22  22  22  23  23  23  23  23  23  23  23  22  23  22  23  23  23  23  23  23  23  23  23  23  23  23  23  23  23  22  22  23  23  24  24  24  24  24  24  24  24  24   0
 23  29  29  29  29  27  28  28  25  28  26  26  22  22  38  34  44  37  42  40  35  36  21  23  35  30  29  30  30  23  24  23  22  22  22  22  22  23  23  23  23  23  23  23  23  23  23  23  23  23  23  23  23  23  23  23  23  23  23  23  23  22  23  24  24  24  24  24  24  24  24  25  25  25  24  23  23  23  23   0
 23  29  29  29  29  30  26  29  27  26  22  22  38  28  30  37  38  42  46  21  23  34  31  29  30  25  24  23  22  22  22  22  22  23  23  23  23  23  23  23  23  23  23  23  23  23  23  23  23  23  23  23  23  24  24  24  25  24  24  24  24  24  24  24  25  25  25  24  24  23  23  23  23  23  23  22  22  22  22   0
 23  29  29  29  27  28  31  26  26  22  35  27  35  39  43  34  21  22  36  30  31  29  24  23  22  22  22  22  22  23  23  23  23  23  23  23  23  23  23  23  23  23  23  23  23  23  25  23  25  24  24  24  24  24  24  24  25  25  25  24  24  23  23  23  23  23  23  23  22  22  23  22  22  22  22  22  21  21  21   0
 23  29  29  32  32  34  27  22  22  30  46  42  35  44  22  37  30  30  24  24  23  22  22  22  22  23  23  23  23  23  23  23  23  23  23  23  23  23  23  26  24  25  24  24  24  24  24  24  24  25  25  24  23  23  23  23  23  23  23  23  23  22  22  22  22  22  22  22  22  21  21  22  22  22  22  22  21  21  21   0
 23  29  29  31  35  26  22  36  39  47  46  21  31  30  30  26  23  22  22  22  22  23  23  23  23  23  23  23  23  23  23  23  25  24  24  24  24  24  24  24  24  24  25  25  24  24  23  23  23  23  23  23  23  22  22  22  22  22  22  22  22  21  21  21  22  22  22  22  21  21  21  21  21  21  21  21  21  21  21   0
 23  29  32  26  23  38  38  34  21  31  33  26  24  23  22  22  22  23  23  23  23  23  23  23  24  23  26  24  24  24  24  24  24  24  25  25  24  24  23  23  23  23  23  23  23  23  22  22  22  22  22  22  22  21  21  21  22  22  22  22  21  21  21  21  21  21  21  21  21  21  22  22  22  22  22  22  22  22  22   0
 23  29  26  38  35  33  31  28  23  24  22  22  22  23  23  23  23  24  24  25  24  24  24  24  24  24  25  25  24  24  25  24  24  24  23  23  23  23  22  22  22  22  22  22  21  21  21  22  22  22  22  21  21  21  21  21  21  21  21  21  23  21  22  22  22  22  22  22  22  22  22  22  22  22  22  22  22  22  22   0
 23  34  46  21  27  25  26  22  22  23  24  24  23  24  24  24  24  24  24  25  24  25  24  24  23  23  23  23  23  23  22  22  22  22  22  22  21  21  22  22  22  21  21  21  21  21  21  21  21  21  21  21  22  22  22  22  22  22  22  22  22  22  22  22  22  22  22  22  22  22  22  22  22  22  21  22  21  21  21   0
 24  32  25  22  22  24  24  24  24  24  25  25  25  24  23  24  23  23  22  22  22  22  22  22  21  21  21  21  22  22  22  21  21  21  21  21  21  21  21  21  22  22  22  22  22  22  22  22  22  22  22  22  22  22  22  22  22  22  22  22  22  21  21  22  21  21  21  21  22  21  21  23  21  21  21  22  22  21  21   0
  0   0   0   0   0   0   0   0   0   0   0   0   0   0   0   0   0   0   0   0   0   0   0   0   0   0   0   0   0   0   0   0   0   0   0   0   0   0   0   0   0   0   0   0   0   0   0   0   0   0   0   0   0   0   0   0   0   0   0   0   0   0   0   0   0   0   0   0   0   0   0   0   0   0   0   0   0   0   0   0
