mcotac-gem/iter_array.grd
DSAA
80 51
 1 80
 1 51
  0 200
  0   0   0   0   0   0   0   0   0   0   0   0   0   0   0   0   0   0   0   0   0   0   0   0   0   0   0   0   0   0   0   0   0   0   0   0   0   0   0   0   0   0   0   0   0   0   0   0   0   0   0   0   0   0   0   0   0   0   0   0   0   0   0   0   0   0   0   0   0   0   0   0   0   0   0   0   0   0   0   0
 23  29  29  23  29  29  29  29  29  29  29  29  29  30  29  29  29  29  23  29  29  29  29  29  29  29  29  29  29  29  29  29  29  29  27  29  29  27  29  29  23  27  29  29  29  29  27  27  27  27  29  29  27  27  29  29  29  29  29  29  29  29  29  29  29  29  29  29  29  29  29  29  29  29  29  29  27  29  29   0
 23  29  29  29  29  29  29  29  29  29  29  29  29  29  29  29  29  29  29  29  29  29  29  29  29  29  29  29  29  29  29  29  29  29  29  29  29  29  29  29  29  29  29  29  27  29  27  28  27  27  29  29  28  27  27  27  27  25  28  34  36  32  30  28  27  28  28  32  37  30  26  28  35  34  32  29  27  25  30   0
 23  29  29  29  29  29  29  29  29  23  29  29  29  29  29  29  29  29  29  29  29  29  29  29  29  29  29  29  29  29  29  23  29  29  29  29  29  29  29  29  29  29  29  29  29  29  28  27  28  29  27  27  28  27  27  25  28  33  33  30  28  28  27  28  28  37  37  28  28  31  35  34  31  29  25  29  29  33  34   0
 23  29  29  29  29  29  29  29  29  29  29  29  29  29  29  29  29  29  29  29  29  29  29  29  29  29  29  29  29  29  29  23  29  29  29  29  29  29  29  29  29  29  29  29  28  27  28  29  29  27  28  28  26  25  28  38  33  34  30  28  27  28  30  32  37  30  28  31  35  33  31  29  25  29  30  35  32  30  30   0
 23  29  29  29  29  29  29  29  29  29  29  29  23  29  29  29  29  29  29  29  29  29  29  29  29  29  29  29  29  29  29  29  29  29  29  29  29  29  29  29  29  29  29  29  27  27  29  27  27  28  27  27  29  32  34  36  30  28  28  28  28  34  35  30  26  31  33  35  33  29  25  30  29  34  32  28  31  27  27   0
 23  29  29  29  29  29  29  29  29  29  29  29  23  29  29  29  29  29  29  23  29  29  29  29  29  29  29  29  29  29  29  29  30  29  29  29  29  29  29  29  29  29  27  27  29  29  27  28  30  27  25  28  33  36  30  30  28  27  28  30  35  32  26  28  32  36  32  29  25  29  30  34  32  28  30  27  26  26  27   0
 23  29  29  29  29  29  29  29  29  29  29  29  29  23  29  29  29  29  29  23  29  29  29  29  29  29  29  29  29  29  29  29  29  29  29  29  29  29  29  29  29  28  27  29  27  27  27  26  27  39  33  32  30  30  28  27  28  30  32  32  28  28  32  36  31  29  25  29  31  33  31  30  29  27  26  26  27  26  27   0
 23  29  29  29  29  29  29  29  29  29  29  29  29  23  29  29  29  29  29  23  29  29  29  29  29  29  29  23  29  29  29  29  29  29  29  29  29  29  29  29  29  27  29  27  27  29  25  26  34  34  32  28  30  27  28  30  34  37  28  28  30  35  31  29  25  29  30  35  32  28  29  27  26  26  27  26  26  26  26   0
 23  29  29  29  29  29  29  29  29  29  29  29  29  29  29  29  29  29  29  23  29  29  29  29  29  29  29  23  29  29  23  29  29  29  29  29  29  29  29  28  28  29  28  27  26  25  28  34  36  30  28  27  28  28  34  37  30  26  30  35  33  31  27  29  31  35  31  30  29  27  26  27  27  26  26  26  26  23  23   0
 23  29  29  29  29  29  29  29  29  29  29  29  29  29  29  29  29  29  29  23  29  29  29  29  29  29  29  29  29  29  29  29  29  29  29  29  29  29  27  29  27  27  28  27  27  39  33  31  29  28  28  28  35  37  28  28  32  35  34  31  27  29  29  35  31  28  31  27  26  27  27  27  26  26  26  23  22  22  22   0
 23  29  29  29  29  23  29  29  29  29  29  29  29  29  29  29  29  29  29  29  29  29  29  29  23  29  29  29  29  29  29  29  29  29  29  29  29  27  30  27  27  28  27  28  33  36  30  28  27  28  32  34  30  26  32  35  33  31  27  25  31  35  31  28  28  27  26  27  27  27  26  26  23  23  22  22  22  22  22   0
 23  29  29  29  29  23  29  29  29  29  29  29  29  29  29  29  29  29  29  29  29  29  29  29  23  29  29  29  29  29  29  29  23  29  27  27  30  29  27  27  27  26  39  33  30  28  27  28  30  34  30  26  32  35  33  31  27  25  32  34  32  30  29  27  26  27  27  26  26  26  23  23  22  22  22  22  22  22  34   0
 23  29  29  29  29  29  29  29  29  29  29  29  29  29  29  29  29  29  29  29  29  29  29  29  29  29  23  29  29  29  29  29  27  28  27  29  27  27  27  25  28  34  34  30  28  28  28  34  32  28  28  35  34  31  27  25  34  33  32  28  28  27  26  27  27  26  26  26  23  23  22  22  22  22  22  33  37  33  37   0
 23  29  29  29  29  29  29  29  29  29  29  29  29  29  29  29  29  29  29  29  29  29  29  29  29  29  29  29  23  29  29  29  27  29  29  27  27  26  26  30  32  30  28  27  28  32  37  29  28  32  33  30  27  29  30  34  32  30  29  27  26  27  27  26  26  26  23  22  22  22  22  22  22  33  37  35  38  31  32   0
 23  29  29  29  29  29  29  29  29  29  29  29  29  29  29  29  23  29  29  29  29  29  29  29  29  29  29  29  29  29  29  29  29  27  27  29  27  28  34  34  28  28  28  30  34  32  28  31  35  31  27  25  30  34  31  29  31  27  26  27  27  26  26  26  23  22  22  22  22  22  22  34  37  37  34  35  29  32  29   0
 23  29  29  29  29  29  29  29  29  29  29  29  29  29  29  29  23  29  29  29  29  29  29  29  29  29  29  29  29  29  27  29  27  28  27  26  32  37  30  28  27  30  35  32  27  32  35  31  27  25  31  35  31  30  28  27  26  27  27  26  26  26  23  22  22  22  22  22  34  37  35  35  35  30  36  35  31  31  33   0
 23  29  29  29  29  29  29  29  29  29  29  29  29  29  29  29  23  29  29  29  29  29  29  29  29  29  29  29  29  28  30  28  28  27  27  34  32  29  27  28  32  35  28  28  35  31  29  25  34  35  32  30  28  27  26  27  27  26  26  26  23  22  22  22  22  22  34  37  36  34  35  28  31  32  29  35  36  36  35   0
 23  29  29  29  29  29  23  29  29  29  29  29  29  29  29  29  23  29  29  29  29  29  29  29  29  29  29  29  28  29  28  27  25  39  40  30  28  28  31  37  30  28  31  33  29  25  30  34  31  28  27  27  26  27  26  26  26  23  23  22  22  22  22  22  33  37  37  33  32  37  34  29  31  33  38  36  33  37  40   0
 23  29  29  29  29  29  29  29  29  29  29  29  29  29  29  29  29  29  29  29  29  29  29  29  29  29  27  29  27  27  26  29  34  30  29  27  28  34  32  28  32  34  30  27  30  31  34  29  28  27  26  27  26  26  26  23  23  22  22  22  22  22  35  36  37  34  31  32  34  31  38  33  39  35  39  42  44  43  50   0
 23  29  29  29  29  29  29  29  29  30  29  29  29  29  29  29  29  23  29  29  29  29  29  29  29  27  29  27  28  25  30  33  30  28  28  30  34  28  32  35  31  27  29  31  34  29  28  27  26  27  26  26  26  23  22  22  22  22  22  34  35  35  35  35  28  31  29  29  33  35  35  36  39  43  37  45  46  40  46   0
 23  29  29  29  29  29  29  29  29  29  29  23  29  29  29  29  29  23  29  29  29  29  29  29  28  27  28  27  25  33  34  28  27  28  36  30  28  35  33  30  25  29  34  30  28  27  26  27  26  26  26  23  22  22  22  22  22  33  36  36  35  32  31  29  36  33  35  35  37  40  38  45  43  42  46  56  45  55  41   0
 23  29  29  29  29  29  29  29  29  29  29  23  29  29  29  29  29  23  29  29  29  29  29  30  27  28  25  28  33  30  28  28  32  32  28  32  34  29  25  31  34  28  29  27  26  27  26  26  23  23  22  22  22  22  34  37  37  36  36  28  32  34  34  33  38  35  37  37  35  46  50  46  52  42  47  53  40  40  56   0
 23  29  29  29  29  29  29  29  29  29  29  23  29  29  29  29  29  23  29  29  29  29  29  27  28  27  33  34  28  27  30  35  28  32  36  31  25  31  35  30  30  27  26  26  26  26  23  23  22  22  22  22  32  36  34  37  35  34  32  29  32  33  37  37  37  36  41  38  53  45  53  48  39  44  51  54  21  22  22   0
 23  29  29  29  29  29  29  29  29  29  29  29  29  29  29  29  29  23  29  29  28  30  28  27  28  36  29  28  28  32  32  28  35  31  27  29  34  31  30  27  26  26  26  26  23  23  22  22  22  22  34  37  32  35  28  37  30  29  33  38  35  38  41  49  49  53  45  48  40  44  36  39  54  21  22  22  23  23  23   0
 23  29  29  29  29  29  29  29  29  29  29  29  29  29  29  29  29  23  29  28  27  27  27  40  30  28  28  28  37  26  32  34  29  29  31  31  30  27  26  26  26  26  23  22  22  22  22  22  35  35  37  35  29  31  29  33  33  36  36  38  41  49  43  45  48  55  40  41  42  46  21  22  23  23  23  22  21  21  21   0
 23  29  29  29  29  29  29  29  29  29  29  29  29  29  29  29  29  29  27  27  28  25  33  30  27  28  37  32  32  35  30  25  31  34  29  27  26  27  26  26  23  22  22  22  22  32  37  33  35  28  38  34  31  33  36  36  39  39  36  41  46  50  44  40  34  35  48  21  22  23  23  23  22  21  21  21  30  29  30   0
 23  29  29  29  29  29  29  29  29  29  29  29  29  29  29  29  29  29  27  28  35  33  30  28  32  32  28  34  33  25  33  33  29  27  26  27  26  26  23  22  22  22  22  32  38  35  34  28  34  38  37  36  39  38  42  41  45  48  46  50  39  49  54  34  21  22  23  23  23  22  21  21  32  30  29  30  29  24  25   0
 23  29  29  29  29  29  29  29  29  29  29  29  29  29  29  23  29  28  26  28  34  28  28  32  28  33  31  29  30  34  28  28  26  26  26  26  23  22  22  22  22  37  37  36  35  34  35  30  33  36  36  42  47  44  49  46  52  41  36  41  53  21  22  23  23  23  21  21  21  30  30  31  29  28  26  24  22  22  22   0
 23  29  29  29  29  29  29  29  29  29  29  29  29  29  29  29  28  27  34  30  27  30  30  32  34  27  34  31  32  28  27  27  26  26  23  22  22  22  22  37  31  36  27  29  36  32  33  39  40  39  45  42  48  45  40  48  39  51  21  22  23  23  23  21  21  21  30  29  29  30  25  24  23  22  22  22  22  22  22   0
 23  29  29  29  29  29  29  29  29  23  29  29  29  29  28  28  27  33  28  28  32  28  35  30  25  34  28  30  27  26  27  26  23  22  22  22  22  38  35  30  31  33  32  34  38  43  40  39  51  42  45  33  43  51  55  21  22  23  23  23  21  21  30  30  29  30  29  23  23  23  22  22  22  22  22  23  23  23  23   0
 23  29  29  29  29  29  29  29  29  23  29  29  29  28  27  26  40  30  28  32  32  34  27  31  31  29  26  26  27  26  23  22  22  22  22  38  38  35  38  33  31  36  35  38  49  45  54  42  46  37  52  53  21  22  23  23  23  21  21  30  29  31  29  27  25  24  23  22  22  22  22  22  23  23  23  23  23  23  23   0
 23  29  29  29  29  29  29  29  29  23  29  29  27  27  29  33  27  34  28  35  29  29  32  30  27  27  27  26  23  22  22  22  22  38  35  32  30  38  40  36  41  40  39  53  46  38  34  39  22  21  23  23  22  21  21  21  30  30  29  29  25  24  23  22  22  22  22  22  22  23  23  23  23  23  23  23  23  22  23   0
 23  29  29  29  29  29  29  29  29  29  29  27  27  36  32  28  35  28  32  25  34  30  27  26  26  26  23  22  22  22  34  38  37  27  37  36  35  38  37  51  44  44  33  39  31  49  21  23  23  23  21  21  30  29  29  30  29  25  23  23  22  22  22  22  22  23  23  23  23  23  23  23  23  22  22  23  23  23  23   0
 23  29  29  29  29  29  29  29  29  29  27  27  28  30  28  30  32  29  33  32  28  26  27  26  23  22  22  22  34  34  36  35  31  38  35  41  44  41  42  43  42  33  44  21  23  23  23  21  21  30  29  29  30  25  23  24  23  22  22  22  22  22  23  23  23  23  23  23  23  23  23  23  22  23  23  23  23  23  23   0
 23  29  29  29  29  29  29  23  29  27  27  35  29  30  26  34  25  35  30  26  27  26  23  22  22  22  37  35  32  35  30  35  37  40  41  46  46  35  51  49  21  22  23  22  21  21  29  29  30  29  22  23  23  22  22  22  22  22  23  23  23  23  23  23  23  23  22  22  23  23  23  23  23  23  23  23  23  23  23   0
 23  29  29  29  29  29  29  23  29  27  38  28  32  30  31  34  32  27  27  26  23  22  22  22  37  38  32  31  36  33  38  42  43  49  37  40  48  21  23  23  21  21  30  29  29  30  25  24  23  22  22  22  22  22  23  23  23  23  23  23  23  23  23  23  23  23  23  23  23  23  23  23  23  23  23  23  23  23  23   0
 23  29  29  29  29  29  29  29  27  30  28  35  31  27  35  31  26  26  26  22  22  22  37  37  36  37  33  38  42  51  51  46  33  49  21  23  23  21  21  29  29  30  29  22  24  23  22  22  22  22  22  23  23  23  23  23  23  23  23  23  23  22  23  23  23  23  23  23  23  23  23  23  23  23  23  23  23  22  22   0
 23  29  29  29  29  29  29  29  28  28  30  34  30  28  27  26  26  22  22  22  38  36  35  37  35  39  43  37  46  48  49  21  22  23  21  30  30  30  30  25  24  23  22  22  22  22  22  23  23  23  23  23  23  23  23  22  22  23  22  23  23  23  23  23  23  23  23  23  23  23  23  23  23  23  22  22  22  22  22   0
 23  29  29  29  29  29  29  29  27  28  31  32  28  26  26  23  22  22  38  37  31  36  38  40  49  38  33  49  21  22  23  21  30  30  31  30  24  24  23  22  22  22  22  22  23  23  23  23  23  23  23  23  22  23  23  23  23  23  24  23  23  23  23  23  23  23  23  23  23  22  22  22  22  22  22  22  24  24  24   0
 23  29  29  29  29  29  26  28  26  27  31  26  26  23  22  22  37  34  38  37  45  44  36  44  47  21  23  23  33  31  29  29  25  24  23  22  22  22  22  22  23  23  23  23  23  23  23  22  23  23  23  23  23  23  23  23  23  23  23  23  23  23  23  23  23  22  22  22  22  23  24  24  24  24  24  24  24  24  24   0
 23  29  29  29  29  27  28  26  25  30  27  26  22  22  39  34  40  35  40  41  42  45  21  23  32  30  29  30  29  22  24  23  22  22  22  22  23  23  23  23  23  23  23  23  22  23  23  23  23  23  23  23  23  23  23  23  23  23  23  23  23  22  22  24  24  24  24  24  24  24  24  25  25  25  24  23  23  23  23   0
 23  29  29  29  29  30  32  32  27  26  22  22  38  34  42  37  40  51  47  21  23  34  30  29  29  23  24  23  22  22  22  22  22  23  23  23  23  23  23  23  22  23  23  23  23  23  23  23  23  23  23  23  23  24  24  24  24  24  24  24  24  24  24  24  25  25  24  24  23  23  23  23  22  23  23  23  22  22  22   0
 23  29  29  29  29  28  34  26  23  22  37  33  30  42  43  40  21  23  36  31  30  27  24  23  22  22  22  22  22  23  23  23  23  23  23  23  23  23  23  23  23  23  23  23  23  23  25  23  25  24  24  24  24  24  24  24  24  25  25  24  24  23  23  23  23  23  23  23  22  22  22  22  22  22  22  22  21  21  21   0
 23  29  29  30  30  33  26  22  34  33  34  42  27  44  22  33  30  31  25  24  22  22  22  22  22  23  23  23  23  23  23  23  23  23  23  23  23  23  23  25  24  25  24  24  24  24  24  24  24  25  25  24  24  23  23  23  23  23  23  23  23  22  22  22  22  22  22  22  22  21  21  21  22  22  22  22  21  21  21   0
 23  29  29  31  32  26  22  34  44  42  37  21  35  30  31  24  23  22  22  22  22  23  23  23  23  23  23  23  23  23  23  23  25  24  24  24  24  24  24  24  24  24  25  25  24  23  23  23  23  23  23  23  23  22  22  22  22  22  22  22  22  22  21  21  22  22  22  22  21  21  21  21  21  21  21  21  21  21  21   0
 23  29  37  27  23  37  31  35  22  32  31  23  24  23  22  22  22  23  23  23  23  23  23  23  24  24  25  24  24  24  24  24  24  24  25  25  24  23  23  23  23  23  23  23  23  23  22  22  22  22  22  22  22  21  21  21  22  22  22  22  21  21  21  21  21  21  21  21  21  21  22  22  22  22  22  22  22  22  22   0
 23  29  26  33  33  40  21  32  25  24  22  22  22  23  23  23  24  24  25  24  24  24  24  24  24  24  24  25  25  25  25  24  24  24  23  23  23  23  22  22  22  22  22  22  22  21  21  22  22  22  22  21  21  21  21  21  21  21  21  21  21  21  22  22  22  22  22  22  22  22  22  22  22  22  22  22  22  22  22   0
 23  31  40  21  47  25  22  22  22  23  23  25  25  24  24  24  24  24  24  25  25  25  24  23  23  23  23  23  23  23  22  22  22  22  22  22  21  21  21  22  22  22  21  21  21  21  21  21  21  21  21  21  22  22  22  22  22  22  22  22  22  22  22  22  22  22  22  22  22  22  22  22  22  21  21  21  21  21  21   0
 25  39  33  22  22  24  25  24  24  24  25  25  25  25  24  23  23  23  22  22  22  22  22  22  22  21  22  21  22  22  22  22  21  21  21  21  21  21  21  21  22  22  22  22  22  22  22  22  22  22  22  22  22  22  22  22  22  22  22  22  22  21  22  21  21  22  21  21  21  21  25  21  21  21  21  21  21  21  23   0
  0   0   0   0   0   0   0   0   0   0   0   0   0   0   0   0   0   0   0   0   0   0   0   0   0   0   0   0   0   0   0   0   0   0   0   0   0   0   0   0   0   0   0   0   0   0   0   0   0   0   0   0   0   0   0   0   0   0   0   0   0   0   0   0   0   0   0   0   0   0   0   0   0   0   0   0   0   0   0   0
